SprintIndex,SeasonID,RaceID,LapNumber,LapNumberFlow,Team,18_Laptime,24_Laptime,26_Laptime,18_PaceDiff,24_PaceDiff,26_PaceDiff,18_PaceDiffClear,24_PaceDiffClear,26_PaceDiffClear,PaceMarker,PaceDiffTeammateDelta,PaceDiffTeammateBetter,PaceDiffClearTeammateDelta,PaceDiffClearTeammateBetter,PaceDiffTeammateMean,PaceDiffTeammateMeanInt,PaceDiffClearTeammateMean,PaceDiffClearTeammateMeanInt
1,2022,2022011,1.0,1,Williams,,,,,,,,,,,-,-,-,,-,,-,
1,2022,2022011,2.0,2,Williams,,,,,,,,,,,-,-,-,,-,,-,
1,2022,2022011,3.0,3,Williams,101.668,100.664,,1.406,0.401,,1.406,0.401,,100.262,-,24.0,-,24,-,,-,
1,2022,2022011,4.0,4,Williams,101.947,101.126,,1.676,0.855,,1.676,0.855,,100.326,-,24.0,-,24,-,,-,
1,2022,2022011,5.0,5,Williams,101.678,102.303,,1.238,1.863,,1.238,0.977,,100.658,-,18.0,-,24,-,,-,
1,2022,2022011,6.0,6,Williams,102.945,101.708,,2.266,1.029,,1.193,1.029,,100.765,-,24.0,-,24,-,,-,
1,2022,2022011,7.0,7,Williams,102.065,101.561,,1.302,0.798,,1.302,0.798,,100.841,-,24.0,-,24,-,,-,
1,2022,2022011,8.0,8,Williams,101.931,103.097,,1.027,2.193,,1.027,0.951,,101.054,-,18.0,-,24,-,,-,
1,2022,2022011,9.0,9,Williams,102.473,102.149,,1.392,1.068,,1.392,1.068,,101.154,-,24.0,-,24,-,,-,
1,2022,2022011,10.0,10,Williams,102.678,103.5,,1.376,2.198,,1.376,1.067,,101.505,-,18.0,-,24,-,,-,
1,2022,2022011,11.0,11,Williams,102.822,102.588,,1.47,1.236,,1.47,1.236,,101.352,-,24.0,-,24,-,,-,
1,2022,2022011,12.0,12,Williams,103.492,102.505,,2.26,1.273,,1.859,1.273,,101.267,-,24.0,-,24,-,,-,
1,2022,2022011,13.0,13,Williams,103.36,,,2.397,,,2.397,,,100.989,-,-,-,,-,,-,
1,2022,2022011,14.0,14,Williams,,,,,,,,,,100.811,-,-,-,,-,,-,
1,2022,2022011,15.0,15,Williams,,99.517,,,-1.425,,,-1.425,,100.942,-,-,-,,-,,-,
1,2022,2022011,16.0,16,Williams,99.239,100.164,,-0.83,0.095,,-0.83,0.095,,100.118,-,18.0,-,18,-,,-,
1,2022,2022011,17.0,17,Williams,99.655,100.265,,0.316,0.925,,0.316,0.925,,99.451,-,18.0,-,18,-,,-,
1,2022,2022011,18.0,18,Williams,100.272,100.225,,1.181,1.134,,0.859,1.134,,99.26,-,24.0,-,18,-,,-,
1,2022,2022011,19.0,19,Williams,100.245,100.8,,1.319,1.874,,1.319,1.306,,99.053,-,18.0,-,24,-,,-,
1,2022,2022011,20.0,20,Williams,100.489,100.239,,1.467,1.217,,1.467,1.217,,99.06,-,24.0,-,24,-,,-,
1,2022,2022011,21.0,21,Williams,101.735,101.181,,2.549,1.995,,1.577,1.342,,99.281,-,24.0,-,24,-,,-,
1,2022,2022011,22.0,22,Williams,101.036,100.816,,1.648,1.428,,1.648,1.428,,99.492,-,24.0,-,24,-,,-,
1,2022,2022011,23.0,23,Williams,101.284,100.736,,1.829,1.281,,1.829,1.281,,99.492,-,24.0,-,24,-,,-,
1,2022,2022011,24.0,24,Williams,101.118,100.669,,1.643,1.194,,1.643,1.194,,99.498,-,24.0,-,24,-,,-,
1,2022,2022011,25.0,25,Williams,101.031,101.032,,1.46,1.461,,1.46,1.461,,99.657,-,18.0,-,18,-,,-,
1,2022,2022011,26.0,26,Williams,101.161,101.628,,1.52,1.987,,1.52,1.987,,99.661,-,18.0,-,18,-,,-,
1,2022,2022011,27.0,27,Williams,101.182,102.053,,1.485,2.356,,1.485,1.795,,99.833,-,18.0,-,18,-,,-,
1,2022,2022011,28.0,28,Williams,102.81,101.355,,2.965,1.51,,2.032,1.51,,100.022,-,24.0,-,24,-,,-,
1,2022,2022011,29.0,29,Williams,102.572,101.505,,2.688,1.621,,2.688,1.621,,99.968,-,24.0,-,24,-,,-,
1,2022,2022011,30.0,30,Williams,102.106,101.02,,2.276,1.19,,2.276,1.19,,99.87,-,24.0,-,24,-,,-,
1,2022,2022011,31.0,31,Williams,101.888,101.23,,2.036,1.378,,2.036,1.378,,99.887,-,24.0,-,24,-,,-,
1,2022,2022011,32.0,32,Williams,,101.241,,,1.818,,,1.818,,99.638,-,-,-,,-,,-,
1,2022,2022011,33.0,33,Williams,,100.863,,,1.753,,,1.753,,99.203,-,-,-,,-,,-,
1,2022,2022011,34.0,34,Williams,99.285,101.203,,0.259,2.177,,0.259,2.177,,99.309,-,18.0,-,18,-,,-,
1,2022,2022011,35.0,35,Williams,99.763,,,1.191,,,1.191,,,98.596,-,-,-,,-,,-,
1,2022,2022011,36.0,36,Williams,99.455,,,0.907,,,0.907,,,98.622,-,-,-,,-,,-,
1,2022,2022011,37.0,37,Williams,101.384,99.165,,3.138,0.919,,1.427,0.919,,98.404,-,24.0,-,24,-,,-,
1,2022,2022011,38.0,38,Williams,99.891,99.127,,1.845,1.081,,1.845,1.081,,98.088,-,24.0,-,24,-,,-,
1,2022,2022011,39.0,39,Williams,100.258,99.025,,2.083,0.85,,2.083,0.85,,98.187,-,24.0,-,24,-,,-,
1,2022,2022011,40.0,40,Williams,100.219,99.14,,1.88,0.801,,1.88,0.801,,98.339,-,24.0,-,24,-,,-,
1,2022,2022011,41.0,41,Williams,99.797,99.285,,1.669,1.157,,1.669,1.069,,98.161,-,24.0,-,24,-,,-,
1,2022,2022011,42.0,42,Williams,99.937,99.255,,1.675,0.993,,1.675,0.993,,98.398,-,24.0,-,24,-,,-,
1,2022,2022011,43.0,43,Williams,100.899,99.325,,2.344,0.77,,2.344,0.77,,98.635,-,24.0,-,24,-,,-,
1,2022,2022011,44.0,44,Williams,,,,,,,,,,98.048,-,-,-,,-,,-,
1,2022,2022011,45.0,45,Williams,,,,,,,,,,96.58,-,-,-,,-,,-,
1,2022,2022011,46.0,46,Williams,,,,,,,,,,,-,-,-,,-,,-,
1,2022,2022011,47.0,47,Williams,,,,,,,,,,,-,-,-,,-,,-,
1,2022,2022011,48.0,48,Williams,,,,,,,,,,,-,-,-,,-,,-,
1,2022,2022011,49.0,49,Williams,,,,,,,,,,,-,-,-,,-,,-,
1,2022,2022011,50.0,50,Williams,,,,,,,,,,,-,-,-,,-,,-,
1,2022,2022011,51.0,51,Williams,,,,,,,,,,,-,-,-,,-,,-,
1,2022,2022011,52.0,52,Williams,98.466,97.717,,1.277,0.528,,1.277,0.528,,97.189,-,24.0,-,24,-,,-,
1,2022,2022011,53.0,53,Williams,98.452,98.073,,1.397,1.018,,1.397,1.018,,97.104,-,24.0,-,24,-,,-,
1,2022,2022011,54.0,54,Williams,98.707,98.356,,1.394,1.043,,1.394,1.043,,97.394,-,24.0,-,24,-,,-,
1,2022,2022011,55.0,55,Williams,99.119,98.826,,1.592,1.299,,1.592,1.299,,97.577,-,24.0,-,24,-,,-,
1,2022,2022011,56.0,56,Williams,99.145,99.202,,1.472,1.529,,1.472,1.529,,97.673,-,18.0,-,18,-,,-,
1,2022,2022011,57.0,57,Williams,99.876,100.132,,1.006,1.262,,1.006,1.262,,98.87,-,18.0,-,18,-,,-,
1,2022,2022021,1.0,58,Williams,,,,,,,,,,,-,-,-,,-,,-,
1,2022,2022021,2.0,59,Williams,,,,,,,,,,,-,-,-,,-,,-,
1,2022,2022021,3.0,60,Williams,98.121,97.86,,1.376,1.115,,1.376,1.115,,96.745,-,24.0,-,24,-,,-,
1,2022,2022021,4.0,61,Williams,98.161,98.264,,1.358,1.461,,1.358,1.461,,96.883,-,18.0,-,18,-,,-,
1,2022,2022021,5.0,62,Williams,98.662,99.143,,1.853,2.334,,1.525,1.386,,97.034,-,18.0,-,24,-,,-,
1,2022,2022021,6.0,63,Williams,98.507,98.125,,1.943,1.561,,1.943,1.561,,96.564,-,24.0,-,24,-,,-,
1,2022,2022021,7.0,64,Williams,98.018,99.088,,1.368,2.438,,1.368,1.541,,96.715,-,18.0,-,18,-,,-,
1,2022,2022021,8.0,65,Williams,98.093,98.257,,1.501,1.665,,1.501,1.665,,96.739,-,18.0,-,18,-,,-,
1,2022,2022021,9.0,66,Williams,97.53,98.028,,1.064,1.562,,1.064,1.562,,96.571,-,18.0,-,18,-,,-,
1,2022,2022021,10.0,67,Williams,97.558,97.668,,1.201,1.311,,1.201,1.311,,96.44,-,18.0,-,18,-,,-,
1,2022,2022021,11.0,68,Williams,97.736,97.851,,1.365,1.48,,1.365,1.48,,96.561,-,18.0,-,18,-,,-,
1,2022,2022021,12.0,69,Williams,98.597,98.253,,2.184,1.84,,1.559,1.84,,96.472,-,24.0,-,18,-,,-,
1,2022,2022021,13.0,70,Williams,98.208,,,2.025,,,2.025,,,96.183,-,-,-,,-,,-,
1,2022,2022021,14.0,71,Williams,98.409,,,2.052,,,2.052,,,96.378,-,-,-,,-,,-,
1,2022,2022021,15.0,72,Williams,,97.345,,,0.963,,,0.963,,96.382,-,-,-,,-,,-,
1,2022,2022021,16.0,73,Williams,,,,,,,,,,,-,-,-,,-,,-,
1,2022,2022021,17.0,74,Williams,,,,,,,,,,,-,-,-,,-,,-,
1,2022,2022021,18.0,75,Williams,,,,,,,,,,,-,-,-,,-,,-,
1,2022,2022021,19.0,76,Williams,,,,,,,,,,,-,-,-,,-,,-,
1,2022,2022021,20.0,77,Williams,,,,,,,,,,,-,-,-,,-,,-,
1,2022,2022021,21.0,78,Williams,,,,,,,,,,,-,-,-,,-,,-,
1,2022,2022021,22.0,79,Williams,,97.769,,,1.548,,,1.548,,96.221,-,-,-,,-,,-,
1,2022,2022021,23.0,80,Williams,,96.664,,,1.361,,,1.361,,95.303,-,-,-,,-,,-,
1,2022,2022021,24.0,81,Williams,,96.251,,,1.018,,,1.018,,95.41,-,-,-,,-,,-,
1,2022,2022021,25.0,82,Williams,,96.938,,,1.712,,,1.122,,95.272,-,-,-,,-,,-,
1,2022,2022021,26.0,83,Williams,,96.445,,,1.425,,,1.425,,95.02,-,-,-,,-,,-,
1,2022,2022021,27.0,84,Williams,,96.411,,,1.608,,,1.608,,94.834,-,-,-,,-,,-,
1,2022,2022021,28.0,85,Williams,,96.424,,,1.71,,,1.71,,94.788,-,-,-,,-,,-,
1,2022,2022021,29.0,86,Williams,,96.059,,,1.391,,,1.391,,94.695,-,-,-,,-,,-,
1,2022,2022021,30.0,87,Williams,,95.898,,,1.489,,,1.489,,94.435,-,-,-,,-,,-,
1,2022,2022021,31.0,88,Williams,,95.7,,,1.395,,,1.395,,94.34,-,-,-,,-,,-,
1,2022,2022021,32.0,89,Williams,,95.423,,,1.177,,,1.177,,94.284,-,-,-,,-,,-,
1,2022,2022021,33.0,90,Williams,,95.568,,,1.348,,,1.348,,94.22,-,-,-,,-,,-,
1,2022,2022021,34.0,91,Williams,,95.334,,,1.193,,,1.193,,94.171,-,-,-,,-,,-,
1,2022,2022021,35.0,92,Williams,,95.121,,,0.981,,,0.981,,94.178,-,-,-,,-,,-,
1,2022,2022021,36.0,93,Williams,,94.889,,,0.862,,,0.862,,94.09,-,-,-,,-,,-,
1,2022,2022021,37.0,94,Williams,,95.31,,,0.773,,,0.773,,94.537,-,-,-,,-,,-,
1,2022,2022021,38.0,95,Williams,,,,,,,,,,,-,-,-,,-,,-,
1,2022,2022021,39.0,96,Williams,,,,,,,,,,,-,-,-,,-,,-,
1,2022,2022021,40.0,97,Williams,,,,,,,,,,,-,-,-,,-,,-,
1,2022,2022021,41.0,98,Williams,,94.493,,,0.474,,,0.474,,94.019,-,-,-,,-,,-,
1,2022,2022021,42.0,99,Williams,,95.035,,,1.526,,,1.526,,93.6,-,-,-,,-,,-,
1,2022,2022021,43.0,100,Williams,,95.371,,,1.891,,,1.891,,93.732,-,-,-,,-,,-,
1,2022,2022021,44.0,101,Williams,,94.441,,,0.979,,,0.979,,93.462,-,-,-,,-,,-,
1,2022,2022021,45.0,102,Williams,,94.788,,,1.503,,,1.503,,93.31,-,-,-,,-,,-,
1,2022,2022021,46.0,103,Williams,,94.368,,,1.133,,,1.133,,93.386,-,-,-,,-,,-,
1,2022,2022021,47.0,104,Williams,,94.606,,,1.345,,,1.345,,93.261,-,-,-,,-,,-,
1,2022,2022021,48.0,105,Williams,,,,,,,,,,95.646,-,-,-,,-,,-,
1,2022,2022031,1.0,106,Williams,,,,,,,,,,,-,-,-,,-,,-,
1,2022,2022031,2.0,107,Williams,,,,,,,,,,,-,-,-,,-,,-,
1,2022,2022031,3.0,108,Williams,,,,,,,,,,,-,-,-,,-,,-,
1,2022,2022031,4.0,109,Williams,,,,,,,,,,,-,-,-,,-,,-,
1,2022,2022031,5.0,110,Williams,,,,,,,,,,,-,-,-,,-,,-,
1,2022,2022031,6.0,111,Williams,,,,,,,,,,,-,-,-,,-,,-,
1,2022,2022031,7.0,112,Williams,,,,,,,,,,,-,-,-,,-,,-,
1,2022,2022031,8.0,113,Williams,87.094,86.992,,1.344,1.242,,1.344,1.242,,85.75,-,24.0,-,24,-,,-,
1,2022,2022031,9.0,114,Williams,86.511,86.75,,1.138,1.377,,1.138,1.377,,85.406,-,18.0,-,18,-,,-,
1,2022,2022031,10.0,115,Williams,85.891,85.709,,0.781,0.599,,0.781,0.599,,85.581,-,24.0,-,24,-,,-,
1,2022,2022031,11.0,116,Williams,87.274,87.213,,1.776,1.715,,1.776,0.943,,85.644,-,24.0,-,24,-,,-,
1,2022,2022031,12.0,117,Williams,87.517,87.173,,1.853,1.509,,1.853,1.509,,85.774,-,24.0,-,24,-,,-,
1,2022,2022031,13.0,118,Williams,,86.246,,,0.772,,,0.772,,85.583,-,-,-,,-,,-,
1,2022,2022031,14.0,119,Williams,,85.491,,,0.175,,,0.175,,85.335,-,-,-,,-,,-,
1,2022,2022031,15.0,120,Williams,85.446,85.328,,0.25,0.132,,0.25,0.132,,85.196,-,24.0,-,24,-,,-,
1,2022,2022031,16.0,121,Williams,85.269,85.558,,0.014,0.303,,0.014,0.303,,85.485,-,18.0,-,18,-,,-,
1,2022,2022031,17.0,122,Williams,85.538,85.548,,0.404,0.414,,0.207,0.414,,85.227,-,18.0,-,18,-,,-,
1,2022,2022031,18.0,123,Williams,85.414,85.499,,0.313,0.398,,0.313,0.398,,85.116,-,18.0,-,18,-,,-,
1,2022,2022031,19.0,124,Williams,85.51,85.469,,0.264,0.223,,0.264,0.223,,85.447,-,24.0,-,24,-,,-,
1,2022,2022031,20.0,125,Williams,85.546,85.553,,0.422,0.429,,0.422,0.429,,85.18,-,18.0,-,18,-,,-,
1,2022,2022031,21.0,126,Williams,85.375,86.496,,0.387,1.508,,0.387,1.508,,84.988,-,18.0,-,18,-,,-,
1,2022,2022031,22.0,127,Williams,85.083,88.593,,-0.172,3.338,,-0.172,3.338,,85.255,-,18.0,-,18,-,,-,
1,2022,2022031,23.0,128,Williams,,,,,,,,,,,-,-,-,,-,,-,
1,2022,2022031,24.0,129,Williams,,,,,,,,,,,-,-,-,,-,,-,
1,2022,2022031,25.0,130,Williams,,,,,,,,,,,-,-,-,,-,,-,
1,2022,2022031,26.0,131,Williams,,,,,,,,,,,-,-,-,,-,,-,
1,2022,2022031,27.0,132,Williams,,,,,,,,,,,-,-,-,,-,,-,
1,2022,2022031,28.0,133,Williams,86.491,86.155,,0.872,0.536,,0.872,0.536,,85.619,-,24.0,-,24,-,,-,
1,2022,2022031,29.0,134,Williams,85.914,84.946,,1.144,0.176,,1.144,0.176,,84.77,-,24.0,-,24,-,,-,
1,2022,2022031,30.0,135,Williams,85.188,84.335,,0.951,0.098,,0.951,0.098,,84.278,-,24.0,-,24,-,,-,
1,2022,2022031,31.0,136,Williams,85.115,84.411,,0.854,0.15,,0.854,0.15,,84.306,-,24.0,-,24,-,,-,
1,2022,2022031,32.0,137,Williams,84.995,84.626,,0.951,0.582,,0.951,0.582,,84.044,-,24.0,-,24,-,,-,
1,2022,2022031,33.0,138,Williams,84.957,84.71,,0.925,0.678,,0.925,0.678,,84.1,-,24.0,-,24,-,,-,
1,2022,2022031,34.0,139,Williams,85.279,85.132,,1.09,0.943,,1.09,0.943,,84.351,-,24.0,-,24,-,,-,
1,2022,2022031,35.0,140,Williams,84.916,85.37,,0.691,1.145,,0.691,1.145,,84.314,-,18.0,-,18,-,,-,
1,2022,2022031,36.0,141,Williams,84.604,84.527,,0.645,0.568,,0.645,0.568,,84.018,-,24.0,-,24,-,,-,
1,2022,2022031,37.0,142,Williams,84.515,84.525,,0.706,0.716,,0.706,0.716,,83.832,-,18.0,-,18,-,,-,
1,2022,2022031,38.0,143,Williams,84.573,84.231,,0.704,0.362,,0.704,0.362,,83.869,-,24.0,-,24,-,,-,
1,2022,2022031,39.0,144,Williams,,,,,,,,,,,-,-,-,,-,,-,
1,2022,2022031,40.0,145,Williams,,,,,,,,,,,-,-,-,,-,,-,
1,2022,2022031,41.0,146,Williams,84.389,83.366,,1.061,0.038,,1.061,0.038,,83.328,-,24.0,-,24,-,,-,
1,2022,2022031,42.0,147,Williams,85.529,83.238,,2.329,0.038,,0.997,0.038,,83.278,-,24.0,-,24,-,,-,
1,2022,2022031,43.0,148,Williams,84.005,83.245,,0.826,0.066,,0.826,0.066,,83.205,-,24.0,-,24,-,,-,
1,2022,2022031,44.0,149,Williams,84.35,83.071,,1.127,-0.152,,1.127,-0.152,,83.223,-,24.0,-,24,-,,-,
1,2022,2022031,45.0,150,Williams,84.382,83.962,,1.032,0.612,,1.032,-0.332,,83.585,-,24.0,-,24,-,,-,
1,2022,2022031,46.0,151,Williams,83.997,82.964,,0.628,-0.405,,0.628,-0.405,,83.369,-,24.0,-,24,-,,-,
1,2022,2022031,47.0,152,Williams,84.05,82.936,,0.877,-0.237,,0.877,-0.237,,83.188,-,24.0,-,24,-,,-,
1,2022,2022031,48.0,153,Williams,83.9,83.029,,0.827,-0.044,,0.827,-0.044,,83.073,-,24.0,-,24,-,,-,
1,2022,2022031,49.0,154,Williams,83.882,83.025,,0.724,-0.133,,0.724,-0.133,,83.158,-,24.0,-,24,-,,-,
1,2022,2022031,50.0,155,Williams,84.267,83.127,,0.961,-0.179,,0.768,-0.179,,83.799,-,24.0,-,24,-,,-,
1,2022,2022031,51.0,156,Williams,84.266,82.997,,0.956,-0.313,,0.956,-0.313,,83.332,-,24.0,-,24,-,,-,
1,2022,2022031,52.0,157,Williams,83.998,82.706,,0.746,-0.546,,0.746,-0.546,,83.252,-,24.0,-,24,-,,-,
1,2022,2022031,53.0,158,Williams,84.26,82.594,,1.379,-0.287,,1.379,-0.287,,83.152,-,24.0,-,24,-,,-,
1,2022,2022031,54.0,159,Williams,85.83,82.589,,2.99,-0.251,,1.391,-0.251,,82.94,-,24.0,-,24,-,,-,
1,2022,2022031,55.0,160,Williams,84.202,82.758,,1.532,0.088,,1.532,0.088,,82.848,-,24.0,-,24,-,,-,
1,2022,2022031,56.0,161,Williams,83.924,82.658,,1.129,-0.137,,1.129,-0.137,,83.489,-,24.0,-,24,-,,-,
1,2022,2022031,57.0,162,Williams,84.492,,,1.529,,,1.529,,,83.113,-,-,-,,-,,-,
1,2022,2022031,58.0,163,Williams,,,,,,,,,,83.018,-,-,-,,-,,-,
1,2022,2022041,1.0,164,Williams,,,,,,,,,,,-,-,-,,-,,-,
1,2022,2022041,2.0,165,Williams,,,,,,,,,,,-,-,-,,-,,-,
1,2022,2022041,3.0,166,Williams,,,,,,,,,,,-,-,-,,-,,-,
1,2022,2022041,4.0,167,Williams,,,,,,,,,,,-,-,-,,-,,-,
1,2022,2022041,5.0,168,Williams,,,,,,,,,,,-,-,-,,-,,-,
1,2022,2022041,6.0,169,Williams,95.185,95.024,,1.615,1.454,,1.615,1.454,,93.57,-,24.0,-,24,-,,-,
1,2022,2022041,7.0,170,Williams,93.533,93.384,,1.179,1.03,,1.179,1.03,,92.354,-,24.0,-,24,-,,-,
1,2022,2022041,8.0,171,Williams,92.658,92.918,,0.696,0.956,,0.696,0.956,,92.075,-,18.0,-,18,-,,-,
1,2022,2022041,9.0,172,Williams,93.538,93.065,,1.737,1.264,,1.162,1.264,,91.847,-,24.0,-,18,-,,-,
1,2022,2022041,10.0,173,Williams,93.268,92.969,,1.159,0.86,,1.159,0.86,,92.122,-,24.0,-,24,-,,-,
1,2022,2022041,11.0,174,Williams,94.39,93.504,,1.681,0.795,,0.852,0.795,,92.755,-,24.0,-,24,-,,-,
1,2022,2022041,12.0,175,Williams,93.854,94.783,,0.451,1.38,,0.451,1.38,,93.604,-,18.0,-,18,-,,-,
1,2022,2022041,13.0,176,Williams,95.501,95.439,,1.727,1.665,,0.865,1.274,,93.844,-,24.0,-,18,-,,-,
1,2022,2022041,14.0,177,Williams,95.424,95.313,,1.152,1.041,,1.152,1.041,,94.464,-,24.0,-,24,-,,-,
1,2022,2022041,15.0,178,Williams,95.673,95.512,,1.222,1.061,,1.222,1.061,,94.49,-,24.0,-,24,-,,-,
1,2022,2022041,16.0,179,Williams,95.534,95.35,,1.167,0.983,,1.167,0.983,,94.485,-,24.0,-,24,-,,-,
1,2022,2022041,17.0,180,Williams,94.478,,,0.706,,,0.706,,,93.772,-,-,-,,-,,-,
1,2022,2022041,18.0,181,Williams,,,,,,,,,,90.963,-,-,-,,-,,-,
1,2022,2022041,19.0,182,Williams,,88.905,,,-0.766,,,-0.766,,89.67,-,-,-,,-,,-,
1,2022,2022041,20.0,183,Williams,89.13,86.732,,1.492,-0.906,,1.492,-0.906,,87.638,-,24.0,-,24,-,,-,
1,2022,2022041,21.0,184,Williams,85.943,85.645,,0.362,0.064,,0.362,0.064,,85.581,-,24.0,-,24,-,,-,
1,2022,2022041,22.0,185,Williams,85.196,84.864,,0.608,0.276,,0.608,0.276,,84.588,-,24.0,-,24,-,,-,
1,2022,2022041,23.0,186,Williams,84.817,84.062,,0.95,0.195,,0.95,0.195,,83.867,-,24.0,-,24,-,,-,
1,2022,2022041,24.0,187,Williams,84.512,83.603,,1.152,0.243,,1.152,0.243,,83.96,-,24.0,-,24,-,,-,
1,2022,2022041,25.0,188,Williams,84.07,83.216,,0.838,-0.016,,0.838,-0.016,,83.328,-,24.0,-,24,-,,-,
1,2022,2022041,26.0,189,Williams,83.462,84.566,,0.515,1.619,,0.515,0.26,,83.225,-,18.0,-,24,-,,-,
1,2022,2022041,27.0,190,Williams,83.416,83.198,,0.814,0.596,,0.814,0.596,,82.602,-,24.0,-,24,-,,-,
1,2022,2022041,28.0,191,Williams,82.877,83.019,,0.498,0.64,,0.498,0.64,,82.465,-,18.0,-,18,-,,-,
1,2022,2022041,29.0,192,Williams,82.695,82.755,,0.405,0.465,,0.405,0.465,,82.42,-,18.0,-,18,-,,-,
1,2022,2022041,30.0,193,Williams,84.264,82.663,,2.109,0.508,,0.318,0.508,,82.261,-,24.0,-,18,-,,-,
1,2022,2022041,31.0,194,Williams,82.252,82.487,,0.257,0.492,,0.257,0.492,,82.305,-,18.0,-,18,-,,-,
1,2022,2022041,32.0,195,Williams,82.558,82.389,,0.537,0.368,,0.537,0.368,,82.062,-,24.0,-,24,-,,-,
1,2022,2022041,33.0,196,Williams,82.052,82.312,,0.19,0.45,,0.19,0.45,,81.956,-,18.0,-,18,-,,-,
1,2022,2022041,34.0,197,Williams,82.061,82.247,,0.289,0.475,,0.289,0.475,,81.772,-,18.0,-,18,-,,-,
1,2022,2022041,35.0,198,Williams,81.899,82.137,,0.207,0.445,,0.207,0.445,,81.772,-,18.0,-,18,-,,-,
1,2022,2022041,36.0,199,Williams,83.67,82.116,,1.978,0.424,,0.917,0.424,,81.856,-,24.0,-,24,-,,-,
1,2022,2022041,37.0,200,Williams,83.32,82.116,,1.579,0.375,,1.579,0.375,,81.848,-,24.0,-,24,-,,-,
1,2022,2022041,38.0,201,Williams,81.724,82.04,,0.127,0.443,,0.127,0.443,,81.597,-,18.0,-,18,-,,-,
1,2022,2022041,39.0,202,Williams,82.155,82.06,,0.568,0.473,,0.568,0.473,,81.604,-,24.0,-,24,-,,-,
1,2022,2022041,40.0,203,Williams,82.947,82.172,,1.351,0.576,,0.408,0.576,,81.754,-,24.0,-,18,-,,-,
1,2022,2022041,41.0,204,Williams,81.854,82.683,,0.271,1.1,,0.271,0.53,,81.709,-,18.0,-,18,-,,-,
1,2022,2022041,42.0,205,Williams,82.75,82.054,,1.189,0.493,,0.322,0.493,,81.848,-,24.0,-,18,-,,-,
1,2022,2022041,43.0,206,Williams,81.912,82.181,,0.31,0.579,,0.31,0.579,,81.634,-,18.0,-,18,-,,-,
1,2022,2022041,44.0,207,Williams,81.884,82.281,,0.249,0.646,,0.249,0.646,,81.65,-,18.0,-,18,-,,-,
1,2022,2022041,45.0,208,Williams,81.579,82.029,,-0.014,0.436,,-0.014,0.436,,81.593,-,18.0,-,18,-,,-,
1,2022,2022041,46.0,209,Williams,82.012,81.95,,0.491,0.429,,0.491,0.429,,81.655,-,24.0,-,24,-,,-,
1,2022,2022041,47.0,210,Williams,81.653,82.198,,0.149,0.694,,0.149,0.694,,81.624,-,18.0,-,18,-,,-,
1,2022,2022041,48.0,211,Williams,81.567,81.989,,-0.004,0.418,,-0.004,0.418,,81.688,-,18.0,-,18,-,,-,
1,2022,2022041,49.0,212,Williams,81.694,82.111,,0.11,0.527,,0.11,0.527,,81.595,-,18.0,-,18,-,,-,
1,2022,2022041,50.0,213,Williams,81.87,82.056,,0.216,0.402,,0.216,0.402,,81.807,-,18.0,-,18,-,,-,
1,2022,2022041,51.0,214,Williams,81.606,82.191,,0.079,0.664,,0.079,0.664,,81.599,-,18.0,-,18,-,,-,
1,2022,2022041,52.0,215,Williams,81.622,82.156,,0.273,0.807,,0.273,0.807,,81.426,-,18.0,-,18,-,,-,
1,2022,2022041,53.0,216,Williams,81.46,82.106,,0.148,0.794,,0.148,0.794,,81.51,-,18.0,-,18,-,,-,
1,2022,2022041,54.0,217,Williams,81.532,82.207,,0.248,0.923,,0.248,0.923,,81.515,-,18.0,-,18,-,,-,
1,2022,2022041,55.0,218,Williams,81.483,82.071,,0.373,0.961,,0.373,0.961,,81.143,-,18.0,-,18,-,,-,
1,2022,2022041,56.0,219,Williams,83.115,82.246,,1.98,1.111,,0.541,1.111,,81.351,-,24.0,-,18,-,,-,
1,2022,2022041,57.0,220,Williams,81.869,82.788,,0.731,1.65,,0.731,1.118,,81.411,-,18.0,-,18,-,,-,
1,2022,2022041,58.0,221,Williams,81.831,82.267,,0.652,1.088,,0.652,1.088,,81.179,-,18.0,-,18,-,,-,
1,2022,2022041,59.0,222,Williams,81.642,82.018,,0.533,0.909,,0.533,0.909,,81.355,-,18.0,-,18,-,,-,
1,2022,2022041,60.0,223,Williams,81.353,81.906,,0.209,0.762,,0.209,0.762,,81.144,-,18.0,-,18,-,,-,
1,2022,2022041,61.0,224,Williams,81.396,81.757,,0.203,0.564,,0.203,0.564,,81.193,-,18.0,-,18,-,,-,
1,2022,2022041,62.0,225,Williams,81.338,82.434,,-0.313,0.783,,-0.313,0.783,,81.718,-,18.0,-,18,-,,-,
1,2022,2022051,1.0,226,Williams,,,,,,,,,,,-,-,-,,-,,-,
1,2022,2022051,2.0,227,Williams,,,,,,,,,,,-,-,-,,-,,-,
1,2022,2022051,3.0,228,Williams,97.75,96.666,,1.592,0.508,,1.592,0.508,,96.158,-,24.0,-,24,-,,-,
1,2022,2022051,4.0,229,Williams,96.966,95.885,,1.257,0.176,,1.257,0.176,,95.725,-,24.0,-,24,-,,-,
1,2022,2022051,5.0,230,Williams,96.857,95.962,,1.021,0.126,,1.021,0.126,,95.836,-,24.0,-,24,-,,-,
1,2022,2022051,6.0,231,Williams,96.941,98.191,,0.959,2.209,,0.959,0.324,,96.552,-,18.0,-,24,-,,-,
1,2022,2022051,7.0,232,Williams,97.385,96.651,,1.301,0.567,,1.301,0.567,,96.129,-,24.0,-,24,-,,-,
1,2022,2022051,8.0,233,Williams,97.112,97.001,,1.029,0.918,,1.029,0.918,,96.193,-,24.0,-,24,-,,-,
1,2022,2022051,9.0,234,Williams,96.912,96.221,,0.937,0.246,,0.937,0.246,,96.153,-,24.0,-,24,-,,-,
1,2022,2022051,10.0,235,Williams,96.917,96.947,,1.197,1.227,,1.197,0.34,,95.766,-,18.0,-,24,-,,-,
1,2022,2022051,11.0,236,Williams,97.033,95.899,,1.345,0.211,,1.345,0.211,,95.861,-,24.0,-,24,-,,-,
1,2022,2022051,12.0,237,Williams,96.717,96.654,,1.14,1.077,,1.14,0.395,,95.617,-,24.0,-,24,-,,-,
1,2022,2022051,13.0,238,Williams,96.494,96.045,,1.097,0.648,,1.097,0.648,,95.442,-,24.0,-,24,-,,-,
1,2022,2022051,14.0,239,Williams,96.683,95.648,,1.412,0.377,,1.412,0.377,,95.322,-,24.0,-,24,-,,-,
1,2022,2022051,15.0,240,Williams,97.426,95.72,,2.108,0.402,,2.108,0.402,,95.318,-,24.0,-,24,-,,-,
1,2022,2022051,16.0,241,Williams,99.225,,,3.901,,,2.312,,,95.576,-,-,-,,-,,-,
1,2022,2022051,17.0,242,Williams,97.847,,,2.66,,,2.66,,,95.187,-,-,-,,-,,-,
1,2022,2022051,18.0,243,Williams,97.216,95.14,,2.166,0.09,,2.166,0.09,,95.063,-,24.0,-,24,-,,-,
1,2022,2022051,19.0,244,Williams,96.798,95.026,,1.778,0.006,,1.778,0.006,,95.344,-,24.0,-,24,-,,-,
1,2022,2022051,20.0,245,Williams,97.559,95.059,,2.551,0.051,,1.674,0.051,,95.128,-,24.0,-,24,-,,-,
1,2022,2022051,21.0,246,Williams,96.566,95.112,,1.662,0.208,,1.662,0.208,,94.995,-,24.0,-,24,-,,-,
1,2022,2022051,22.0,247,Williams,96.467,94.964,,1.747,0.244,,1.747,0.244,,94.74,-,24.0,-,24,-,,-,
1,2022,2022051,23.0,248,Williams,96.249,94.999,,1.478,0.228,,1.478,0.228,,94.873,-,24.0,-,24,-,,-,
1,2022,2022051,24.0,249,Williams,98.071,94.827,,3.362,0.118,,1.592,0.118,,94.971,-,24.0,-,24,-,,-,
1,2022,2022051,25.0,250,Williams,96.353,94.814,,1.658,0.119,,1.658,0.119,,94.8,-,24.0,-,24,-,,-,
1,2022,2022051,26.0,251,Williams,95.978,94.877,,1.213,0.112,,1.213,0.112,,94.797,-,24.0,-,24,-,,-,
1,2022,2022051,27.0,252,Williams,96.685,95.398,,1.943,0.656,,0.875,0.656,,94.893,-,24.0,-,24,-,,-,
1,2022,2022051,28.0,253,Williams,95.256,94.648,,0.72,0.112,,0.72,0.112,,94.64,-,24.0,-,24,-,,-,
1,2022,2022051,29.0,254,Williams,95.51,96.381,,1.209,2.08,,1.209,0.448,,94.395,-,18.0,-,24,-,,-,
1,2022,2022051,30.0,255,Williams,95.411,94.85,,0.934,0.373,,0.934,0.373,,94.593,-,24.0,-,24,-,,-,
1,2022,2022051,31.0,256,Williams,96.264,95.038,,1.719,0.493,,0.915,0.493,,94.757,-,24.0,-,24,-,,-,
1,2022,2022051,32.0,257,Williams,95.509,94.877,,1.034,0.402,,1.034,0.402,,94.515,-,24.0,-,24,-,,-,
1,2022,2022051,33.0,258,Williams,95.418,94.499,,1.125,0.206,,1.125,0.206,,94.369,-,24.0,-,24,-,,-,
1,2022,2022051,34.0,259,Williams,,94.622,,,0.504,,,0.504,,94.141,-,-,-,,-,,-,
1,2022,2022051,35.0,260,Williams,,94.364,,,0.349,,,0.349,,94.281,-,-,-,,-,,-,
1,2022,2022051,36.0,261,Williams,98.402,94.062,,4.345,0.005,,4.345,0.005,,94.057,-,24.0,-,24,-,,-,
1,2022,2022051,37.0,262,Williams,95.407,93.693,,1.606,-0.108,,1.606,-0.108,,93.801,-,24.0,-,24,-,,-,
1,2022,2022051,38.0,263,Williams,95.164,93.909,,1.312,0.057,,1.312,0.057,,93.96,-,24.0,-,24,-,,-,
1,2022,2022051,39.0,264,Williams,,93.706,,,-0.259,,,-0.259,,93.965,-,-,-,,-,,-,
1,2022,2022051,40.0,265,Williams,,,,,,,,,,92.569,-,-,-,,-,,-,
1,2022,2022051,41.0,266,Williams,,,,,,,,,,,-,-,-,,-,,-,
1,2022,2022051,42.0,267,Williams,,,,,,,,,,,-,-,-,,-,,-,
1,2022,2022051,43.0,268,Williams,,,,,,,,,,,-,-,-,,-,,-,
1,2022,2022051,44.0,269,Williams,,,,,,,,,,,-,-,-,,-,,-,
1,2022,2022051,45.0,270,Williams,,,,,,,,,,,-,-,-,,-,,-,
1,2022,2022051,46.0,271,Williams,,,,,,,,,,,-,-,-,,-,,-,
1,2022,2022051,47.0,272,Williams,,,,,,,,,,,-,-,-,,-,,-,
1,2022,2022051,48.0,273,Williams,94.327,94.959,,0.194,0.826,,0.194,0.826,,94.133,-,18.0,-,18,-,,-,
1,2022,2022051,49.0,274,Williams,95.274,95.758,,1.592,2.076,,0.973,1.023,,93.858,-,18.0,-,18,-,,-,
1,2022,2022051,50.0,275,Williams,94.983,94.45,,1.072,0.539,,1.072,0.539,,94.068,-,24.0,-,24,-,,-,
1,2022,2022051,51.0,276,Williams,94.697,93.877,,1.219,0.399,,1.219,0.399,,93.535,-,24.0,-,24,-,,-,
1,2022,2022051,52.0,277,Williams,94.301,93.563,,0.999,0.261,,0.999,0.261,,93.422,-,24.0,-,24,-,,-,
1,2022,2022051,53.0,278,Williams,94.169,93.637,,0.746,0.214,,0.746,0.214,,93.583,-,24.0,-,24,-,,-,
1,2022,2022051,54.0,279,Williams,95.04,95.19,,1.776,1.926,,1.22,0.546,,93.78,-,18.0,-,24,-,,-,
1,2022,2022051,55.0,280,Williams,94.8,93.983,,1.739,0.922,,1.739,0.922,,93.074,-,24.0,-,24,-,,-,
1,2022,2022051,56.0,281,Williams,94.401,93.637,,1.101,0.337,,1.101,0.337,,93.3,-,24.0,-,24,-,,-,
1,2022,2022051,57.0,282,Williams,95.588,93.447,,2.224,0.083,,2.224,0.083,,93.364,-,24.0,-,24,-,,-,
1,2022,2022061,1.0,283,Williams,,,,,,,,,,,-,-,-,,-,,-,
1,2022,2022061,2.0,284,Williams,,,,,,,,,,,-,-,-,,-,,-,
1,2022,2022061,3.0,285,Williams,91.102,91.561,,1.897,2.356,,1.897,2.356,,89.205,-,18.0,-,18,-,,-,
1,2022,2022061,4.0,286,Williams,90.425,90.224,,1.361,1.16,,1.361,1.16,,89.11,-,24.0,-,24,-,,-,
1,2022,2022061,5.0,287,Williams,90.854,90.495,,1.493,1.135,,1.493,1.135,,89.5,-,24.0,-,24,-,,-,
1,2022,2022061,6.0,288,Williams,91.335,91.25,,1.774,1.689,,1.774,1.689,,89.647,-,24.0,-,24,-,,-,
1,2022,2022061,7.0,289,Williams,91.34,91.389,,1.578,1.627,,1.578,1.627,,90.676,-,18.0,-,18,-,,-,
1,2022,2022061,8.0,290,Williams,91.341,91.244,,1.519,1.422,,1.519,1.422,,89.871,-,24.0,-,24,-,,-,
1,2022,2022061,9.0,291,Williams,91.727,91.741,,1.554,1.568,,1.554,1.568,,90.673,-,18.0,-,18,-,,-,
1,2022,2022061,10.0,292,Williams,91.817,91.667,,1.585,1.435,,1.585,1.435,,90.313,-,24.0,-,24,-,,-,
1,2022,2022061,11.0,293,Williams,91.592,,,1.706,,,1.706,,,90.032,-,-,-,,-,,-,
1,2022,2022061,12.0,294,Williams,,,,,,,,,,89.249,-,-,-,,-,,-,
1,2022,2022061,13.0,295,Williams,,89.34,,,0.087,,,0.087,,89.459,-,-,-,,-,,-,
1,2022,2022061,14.0,296,Williams,89.8,89.639,,0.4,0.239,,0.4,0.239,,89.438,-,24.0,-,24,-,,-,
1,2022,2022061,15.0,297,Williams,89.68,90.237,,0.53,1.087,,0.53,1.087,,89.15,-,18.0,-,18,-,,-,
1,2022,2022061,16.0,298,Williams,89.995,91.254,,0.695,1.954,,0.695,1.425,,89.429,-,18.0,-,18,-,,-,
1,2022,2022061,17.0,299,Williams,90.593,91.213,,1.182,1.802,,0.739,1.802,,89.544,-,18.0,-,18,-,,-,
1,2022,2022061,18.0,300,Williams,90.305,91.167,,0.836,1.698,,0.836,1.698,,89.487,-,18.0,-,18,-,,-,
1,2022,2022061,19.0,301,Williams,90.851,91.396,,1.444,1.989,,1.444,1.989,,89.51,-,18.0,-,18,-,,-,
1,2022,2022061,20.0,302,Williams,91.86,91.912,,2.241,2.293,,0.978,2.293,,89.695,-,18.0,-,18,-,,-,
1,2022,2022061,21.0,303,Williams,90.343,92.144,,0.685,2.486,,0.685,2.486,,89.676,-,18.0,-,18,-,,-,
1,2022,2022061,22.0,304,Williams,91.289,92.098,,1.74,2.549,,0.991,2.549,,89.67,-,18.0,-,18,-,,-,
1,2022,2022061,23.0,305,Williams,90.736,91.525,,1.316,2.105,,1.316,2.105,,89.514,-,18.0,-,18,-,,-,
1,2022,2022061,24.0,306,Williams,90.925,91.595,,1.565,2.235,,1.565,2.235,,89.483,-,18.0,-,18,-,,-,
1,2022,2022061,25.0,307,Williams,91.835,,,2.423,,,2.423,,,89.479,-,-,-,,-,,-,
1,2022,2022061,26.0,308,Williams,,,,,,,,,,89.467,-,-,-,,-,,-,
1,2022,2022061,27.0,309,Williams,,89.46,,,0.115,,,0.115,,89.509,-,-,-,,-,,-,
1,2022,2022061,28.0,310,Williams,89.601,89.605,,0.192,0.196,,0.192,0.196,,89.527,-,18.0,-,18,-,,-,
1,2022,2022061,29.0,311,Williams,89.282,89.801,,0.014,0.533,,0.014,0.533,,89.448,-,18.0,-,18,-,,-,
1,2022,2022061,30.0,312,Williams,89.083,89.939,,0.193,1.049,,0.193,1.049,,88.915,-,18.0,-,18,-,,-,
1,2022,2022061,31.0,313,Williams,89.187,90.928,,0.617,2.358,,0.617,1.488,,88.989,-,18.0,-,18,-,,-,
1,2022,2022061,32.0,314,Williams,89.621,90.177,,1.164,1.72,,1.164,1.72,,88.457,-,18.0,-,18,-,,-,
1,2022,2022061,33.0,315,Williams,90.987,91.53,,2.649,3.192,,1.116,1.76,,88.582,-,18.0,-,18,-,,-,
1,2022,2022061,34.0,316,Williams,89.286,90.018,,0.96,1.692,,0.96,1.692,,88.326,-,18.0,-,18,-,,-,
1,2022,2022061,35.0,317,Williams,89.831,89.893,,1.507,1.569,,1.201,1.569,,88.558,-,18.0,-,18,-,,-,
1,2022,2022061,36.0,318,Williams,89.764,89.988,,1.559,1.783,,1.559,1.783,,88.281,-,18.0,-,18,-,,-,
1,2022,2022061,37.0,319,Williams,89.756,91.314,,1.7,3.258,,1.7,2.12,,88.157,-,18.0,-,18,-,,-,
1,2022,2022061,38.0,320,Williams,90.934,90.364,,2.741,2.171,,1.725,2.171,,88.272,-,24.0,-,18,-,,-,
1,2022,2022061,39.0,321,Williams,90.079,90.624,,1.852,2.397,,1.852,2.397,,88.272,-,18.0,-,18,-,,-,
1,2022,2022061,40.0,322,Williams,90.826,93.007,,2.527,4.708,,1.463,2.471,,88.532,-,18.0,-,18,-,,-,
1,2022,2022061,41.0,323,Williams,89.444,90.916,,1.098,2.57,,1.098,2.57,,88.725,-,18.0,-,18,-,,-,
1,2022,2022061,42.0,324,Williams,89.831,91.363,,1.47,3.002,,1.47,3.002,,88.494,-,18.0,-,18,-,,-,
1,2022,2022061,43.0,325,Williams,89.491,91.617,,1.077,3.203,,1.077,3.203,,88.501,-,18.0,-,18,-,,-,
1,2022,2022061,44.0,326,Williams,89.616,90.755,,1.16,2.299,,1.16,2.299,,88.637,-,18.0,-,18,-,,-,
1,2022,2022061,45.0,327,Williams,90.104,,,1.559,,,1.559,,,88.688,-,-,-,,-,,-,
1,2022,2022061,46.0,328,Williams,91.441,,,3.276,,,1.859,,,88.309,-,-,-,,-,,-,
1,2022,2022061,47.0,329,Williams,89.944,88.903,,1.886,0.845,,1.886,0.845,,88.135,-,24.0,-,24,-,,-,
1,2022,2022061,48.0,330,Williams,90.109,89.331,,2.152,1.374,,2.152,1.374,,87.957,-,24.0,-,24,-,,-,
1,2022,2022061,49.0,331,Williams,89.908,89.333,,1.876,1.301,,1.876,1.301,,88.268,-,24.0,-,24,-,,-,
1,2022,2022061,50.0,332,Williams,,89.544,,,1.508,,,1.508,,88.036,-,-,-,,-,,-,
1,2022,2022061,51.0,333,Williams,,89.287,,,1.413,,,1.413,,88.052,-,-,-,,-,,-,
1,2022,2022061,52.0,334,Williams,87.246,90.629,,-0.455,2.928,,-0.455,1.723,,87.995,-,18.0,-,18,-,,-,
1,2022,2022061,53.0,335,Williams,87.614,89.561,,0.281,2.228,,0.281,2.228,,87.607,-,18.0,-,18,-,,-,
1,2022,2022061,54.0,336,Williams,87.772,,,0.641,,,0.641,,,87.131,-,-,-,,-,,-,
1,2022,2022061,55.0,337,Williams,87.762,,,0.493,,,0.493,,,87.32,-,-,-,,-,,-,
1,2022,2022061,56.0,338,Williams,88.454,88.281,,0.858,0.685,,0.858,0.685,,87.654,-,24.0,-,24,-,,-,
1,2022,2022061,57.0,339,Williams,90.052,88.493,,2.499,0.94,,1.137,0.94,,87.731,-,24.0,-,24,-,,-,
1,2022,2022061,58.0,340,Williams,88.926,88.79,,1.313,1.177,,1.313,1.177,,87.836,-,24.0,-,24,-,,-,
1,2022,2022061,59.0,341,Williams,90.348,88.712,,2.579,0.943,,1.03,0.943,,88.009,-,24.0,-,24,-,,-,
1,2022,2022061,60.0,342,Williams,88.671,90.057,,0.881,2.267,,0.881,1.181,,88.08,-,18.0,-,18,-,,-,
1,2022,2022061,61.0,343,Williams,89.25,89.229,,1.248,1.227,,1.248,1.227,,88.129,-,24.0,-,24,-,,-,
1,2022,2022061,62.0,344,Williams,88.7,90.496,,0.541,2.337,,0.541,1.37,,88.349,-,18.0,-,18,-,,-,
1,2022,2022061,63.0,345,Williams,91.986,89.829,,3.54,1.383,,0.616,1.383,,88.627,-,24.0,-,18,-,,-,
1,2022,2022061,64.0,346,Williams,89.424,89.593,,0.695,0.864,,0.695,0.864,,88.823,-,18.0,-,18,-,,-,
1,2022,2022071,1.0,347,Williams,,,,,,,,,,,-,-,-,,-,,-,
1,2022,2022071,2.0,348,Williams,,,,,,,,,,,-,-,-,,-,,-,
1,2022,2022071,3.0,349,Williams,,108.888,,,1.638,,,1.638,,107.25,-,-,-,,-,,-,
1,2022,2022071,4.0,350,Williams,104.039,105.755,,0.317,2.033,,0.317,2.033,,103.722,-,18.0,-,18,-,,-,
1,2022,2022071,5.0,351,Williams,100.616,103.313,,-1.221,1.476,,-1.221,1.476,,101.837,-,18.0,-,18,-,,-,
1,2022,2022071,6.0,352,Williams,99.637,103.887,,-1.215,3.035,,-1.215,3.035,,100.852,-,18.0,-,18,-,,-,
1,2022,2022071,7.0,353,Williams,99.51,101.663,,-0.201,1.952,,-0.201,1.952,,99.711,-,18.0,-,18,-,,-,
1,2022,2022071,8.0,354,Williams,97.724,100.829,,-1.571,1.534,,-1.571,1.534,,99.295,-,18.0,-,18,-,,-,
1,2022,2022071,9.0,355,Williams,97.213,100.302,,-1.199,1.89,,-1.199,1.89,,98.412,-,18.0,-,18,-,,-,
1,2022,2022071,10.0,356,Williams,104.874,98.978,,7.038,1.142,,-0.514,1.142,,98.214,-,24.0,-,18,-,,-,
1,2022,2022071,11.0,357,Williams,97.432,107.093,,0.205,9.866,,0.205,1.607,,97.64,-,18.0,-,18,-,,-,
1,2022,2022071,12.0,358,Williams,95.502,98.689,,-1.517,1.67,,-1.517,1.67,,97.019,-,18.0,-,18,-,,-,
1,2022,2022071,13.0,359,Williams,94.75,97.351,,-1.529,1.072,,-1.529,1.072,,96.393,-,18.0,-,18,-,,-,
1,2022,2022071,14.0,360,Williams,93.9,96.601,,-1.188,1.513,,-1.188,1.513,,95.088,-,18.0,-,18,-,,-,
1,2022,2022071,15.0,361,Williams,93.195,96.171,,-1.381,1.595,,-1.381,1.595,,94.576,-,18.0,-,18,-,,-,
1,2022,2022071,16.0,362,Williams,92.971,95.705,,-1.42,1.314,,-1.42,1.314,,94.391,-,18.0,-,18,-,,-,
1,2022,2022071,17.0,363,Williams,93.177,95.701,,-0.737,1.787,,-0.737,1.787,,93.914,-,18.0,-,18,-,,-,
1,2022,2022071,18.0,364,Williams,93.414,,,0.135,,,0.135,,,93.489,-,-,-,,-,,-,
1,2022,2022071,19.0,365,Williams,,,,,,,,,,91.823,-,-,-,,-,,-,
1,2022,2022071,20.0,366,Williams,,98.902,,,8.582,,,8.582,,90.515,-,-,-,,-,,-,
1,2022,2022071,21.0,367,Williams,99.08,89.367,,8.937,-0.776,,8.937,-0.776,,90.143,-,24.0,-,24,-,,-,
1,2022,2022071,22.0,368,Williams,92.702,,,3.422,,,3.422,,,90.596,-,-,-,,-,,-,
1,2022,2022071,23.0,369,Williams,93.421,,,5.372,,,5.372,,,88.049,-,-,-,,-,,-,
1,2022,2022071,24.0,370,Williams,87.618,83.506,,2.69,-1.422,,2.69,-1.422,,84.928,-,24.0,-,24,-,,-,
1,2022,2022071,25.0,371,Williams,,,,,,,,,,83.163,-,-,-,,-,,-,
1,2022,2022071,26.0,372,Williams,,,,,,,,,,84.06,-,-,-,,-,,-,
1,2022,2022071,27.0,373,Williams,,,,,,,,,,,-,-,-,,-,,-,
1,2022,2022071,28.0,374,Williams,,,,,,,,,,,-,-,-,,-,,-,
1,2022,2022071,29.0,375,Williams,,,,,,,,,,,-,-,-,,-,,-,
1,2022,2022071,30.0,376,Williams,,,,,,,,,,,-,-,-,,-,,-,
1,2022,2022071,31.0,377,Williams,91.777,89.773,,3.797,1.793,,3.797,1.793,,87.98,-,24.0,-,24,-,,-,
1,2022,2022071,32.0,378,Williams,84.087,84.931,,-23.955,-23.111,,-23.955,-23.111,,109.705,-,18.0,-,18,-,,-,
1,2022,2022071,33.0,379,Williams,83.573,80.929,,-0.437,-3.081,,-0.437,-3.081,,84.01,-,24.0,-,24,-,,-,
1,2022,2022071,34.0,380,Williams,82.935,80.511,,0.771,-1.653,,0.771,-1.653,,82.164,-,24.0,-,24,-,,-,
1,2022,2022071,35.0,381,Williams,81.39,79.677,,0.013,-1.7,,0.013,-1.7,,81.377,-,24.0,-,24,-,,-,
1,2022,2022071,36.0,382,Williams,80.097,78.835,,-0.841,-2.103,,-0.841,-2.103,,80.938,-,24.0,-,24,-,,-,
1,2022,2022071,37.0,383,Williams,80.665,78.504,,0.228,-1.933,,0.228,-1.933,,80.437,-,24.0,-,24,-,,-,
1,2022,2022071,38.0,384,Williams,80.281,78.289,,0.405,-1.587,,0.405,-1.587,,79.876,-,24.0,-,24,-,,-,
1,2022,2022071,39.0,385,Williams,80.374,78.105,,1.122,-1.147,,1.122,-1.147,,79.304,-,24.0,-,24,-,,-,
1,2022,2022071,40.0,386,Williams,80.262,78.023,,1.356,-0.883,,1.356,-0.883,,78.906,-,24.0,-,24,-,,-,
1,2022,2022071,41.0,387,Williams,79.827,78.283,,1.03,-0.514,,1.03,-0.514,,78.856,-,24.0,-,24,-,,-,
1,2022,2022071,42.0,388,Williams,79.289,78.776,,0.53,0.017,,0.53,0.017,,78.844,-,24.0,-,24,-,,-,
1,2022,2022071,43.0,389,Williams,78.579,78.772,,0.102,0.295,,0.102,0.295,,78.477,-,18.0,-,18,-,,-,
1,2022,2022071,44.0,390,Williams,78.846,79.296,,0.24,0.69,,0.24,0.69,,78.63,-,18.0,-,18,-,,-,
1,2022,2022071,45.0,391,Williams,79.143,79.039,,0.634,0.53,,0.634,0.53,,78.544,-,24.0,-,24,-,,-,
1,2022,2022071,46.0,392,Williams,80.117,79.242,,1.744,0.869,,1.744,0.869,,78.373,-,24.0,-,24,-,,-,
1,2022,2022071,47.0,393,Williams,79.089,79.508,,0.825,1.244,,0.825,1.244,,78.295,-,18.0,-,18,-,,-,
1,2022,2022071,48.0,394,Williams,79.675,79.909,,1.458,1.692,,1.458,1.692,,78.285,-,18.0,-,18,-,,-,
1,2022,2022071,49.0,395,Williams,81.748,,,3.636,,,1.161,,,78.771,-,-,-,,-,,-,
1,2022,2022071,50.0,396,Williams,78.87,,,1.004,,,1.004,,,77.962,-,-,-,,-,,-,
1,2022,2022071,51.0,397,Williams,78.779,,,0.897,,,0.897,,,77.882,-,-,-,,-,,-,
1,2022,2022071,52.0,398,Williams,78.73,,,0.706,,,0.706,,,78.092,-,-,-,,-,,-,
1,2022,2022071,53.0,399,Williams,79.169,,,1.012,,,1.012,,,78.185,-,-,-,,-,,-,
1,2022,2022071,54.0,400,Williams,79.06,,,1.033,,,1.033,,,78.051,-,-,-,,-,,-,
1,2022,2022071,55.0,401,Williams,79.453,,,1.371,,,1.371,,,78.082,-,-,-,,-,,-,
1,2022,2022071,56.0,402,Williams,79.681,,,1.468,,,1.468,,,78.276,-,-,-,,-,,-,
1,2022,2022071,57.0,403,Williams,79.288,,,1.108,,,1.108,,,78.257,-,-,-,,-,,-,
1,2022,2022071,58.0,404,Williams,79.446,,,1.264,,,1.264,,,78.313,-,-,-,,-,,-,
1,2022,2022071,59.0,405,Williams,79.024,,,1.033,,,1.033,,,78.909,-,-,-,,-,,-,
1,2022,2022071,60.0,406,Williams,80.867,,,2.685,,,2.685,,,78.282,-,-,-,,-,,-,
1,2022,2022071,61.0,407,Williams,84.442,,,6.324,,,2.13,,,78.474,-,-,-,,-,,-,
1,2022,2022071,62.0,408,Williams,79.629,,,1.572,,,1.572,,,78.107,-,-,-,,-,,-,
1,2022,2022071,63.0,409,Williams,79.479,,,1.453,,,1.453,,,78.026,-,-,-,,-,,-,
1,2022,2022081,1.0,410,Williams,,,,,,,,,,,-,-,-,,-,,-,
1,2022,2022081,2.0,411,Williams,,,,,,,,,,,-,-,-,,-,,-,
1,2022,2022081,3.0,412,Williams,,111.932,,,1.288,,,1.288,,110.644,-,-,-,,-,,-,
1,2022,2022081,4.0,413,Williams,,111.531,,,1.019,,,1.019,,110.521,-,-,-,,-,,-,
1,2022,2022081,5.0,414,Williams,112.442,111.309,,1.98,0.847,,1.98,0.847,,110.472,-,24.0,-,24,-,,-,
1,2022,2022081,6.0,415,Williams,111.671,112.673,,1.16,2.162,,1.16,1.106,,110.564,-,18.0,-,24,-,,-,
1,2022,2022081,7.0,416,Williams,111.369,111.926,,0.855,1.412,,0.855,1.412,,110.543,-,18.0,-,18,-,,-,
1,2022,2022081,8.0,417,Williams,111.457,111.824,,0.842,1.209,,0.842,1.209,,110.615,-,18.0,-,18,-,,-,
1,2022,2022081,9.0,418,Williams,,,,,,,,,,,-,-,-,,-,,-,
1,2022,2022081,10.0,419,Williams,,,,,,,,,,,-,-,-,,-,,-,
1,2022,2022081,11.0,420,Williams,111.263,110.591,,1.307,0.635,,1.307,0.635,,109.956,-,24.0,-,24,-,,-,
1,2022,2022081,12.0,421,Williams,111.12,110.002,,1.363,0.245,,1.363,0.245,,109.757,-,24.0,-,24,-,,-,
1,2022,2022081,13.0,422,Williams,111.423,109.944,,1.397,-0.082,,1.397,-0.082,,110.58,-,24.0,-,24,-,,-,
1,2022,2022081,14.0,423,Williams,112.291,110.257,,2.017,-0.017,,2.017,-0.017,,110.305,-,24.0,-,24,-,,-,
1,2022,2022081,15.0,424,Williams,112.513,110.06,,2.005,-0.448,,2.005,-0.448,,110.545,-,24.0,-,24,-,,-,
1,2022,2022081,16.0,425,Williams,113.013,110.437,,2.46,-0.116,,2.46,-0.116,,110.576,-,24.0,-,24,-,,-,
1,2022,2022081,17.0,426,Williams,,110.167,,,-0.304,,,-0.304,,110.52,-,-,-,,-,,-,
1,2022,2022081,18.0,427,Williams,,109.875,,,-0.3,,,-0.3,,110.272,-,-,-,,-,,-,
1,2022,2022081,19.0,428,Williams,110.626,110.001,,0.385,-0.24,,0.385,-0.24,,110.314,-,24.0,-,24,-,,-,
1,2022,2022081,20.0,429,Williams,110.715,110.343,,0.602,0.23,,0.602,0.23,,110.206,-,24.0,-,24,-,,-,
1,2022,2022081,21.0,430,Williams,112.15,110.518,,0.563,-1.069,,-0.279,-1.069,,111.686,-,24.0,-,24,-,,-,
1,2022,2022081,22.0,431,Williams,111.902,110.841,,1.546,0.485,,1.546,0.485,,110.474,-,24.0,-,24,-,,-,
1,2022,2022081,23.0,432,Williams,111.025,110.672,,0.964,0.611,,0.964,0.611,,110.124,-,24.0,-,24,-,,-,
1,2022,2022081,24.0,433,Williams,110.642,111.057,,0.716,1.131,,0.716,1.131,,110.017,-,18.0,-,18,-,,-,
1,2022,2022081,25.0,434,Williams,110.661,110.84,,0.824,1.003,,0.824,1.003,,109.884,-,18.0,-,18,-,,-,
1,2022,2022081,26.0,435,Williams,110.489,110.913,,0.748,1.172,,0.748,1.172,,109.907,-,18.0,-,18,-,,-,
1,2022,2022081,27.0,436,Williams,112.553,111.33,,2.896,1.673,,1.403,0.84,,109.972,-,24.0,-,24,-,,-,
1,2022,2022081,28.0,437,Williams,111.631,110.082,,2.071,0.522,,2.071,0.522,,109.643,-,24.0,-,24,-,,-,
1,2022,2022081,29.0,438,Williams,110.661,,,1.206,,,1.206,,,109.578,-,-,-,,-,,-,
1,2022,2022081,30.0,439,Williams,110.39,,,1.067,,,1.067,,,109.381,-,-,-,,-,,-,
1,2022,2022081,31.0,440,Williams,110.594,108.729,,1.216,-0.649,,1.216,-0.649,,109.471,-,24.0,-,24,-,,-,
1,2022,2022081,32.0,441,Williams,,,,,,,,,,109.176,-,-,-,,-,,-,
1,2022,2022081,33.0,442,Williams,,,,,,,,,,,-,-,-,,-,,-,
1,2022,2022081,34.0,443,Williams,,,,,,,,,,,-,-,-,,-,,-,
1,2022,2022081,35.0,444,Williams,109.94,108.407,,0.664,-0.869,,0.664,-0.869,,109.276,-,24.0,-,24,-,,-,
1,2022,2022081,36.0,445,Williams,110.095,108.553,,1.548,0.006,,1.548,0.006,,108.547,-,24.0,-,24,-,,-,
1,2022,2022081,37.0,446,Williams,109.583,108.251,,1.306,-0.026,,1.306,-0.026,,108.526,-,24.0,-,24,-,,-,
1,2022,2022081,38.0,447,Williams,109.86,108.101,,1.517,-0.242,,1.517,-0.242,,108.362,-,24.0,-,24,-,,-,
1,2022,2022081,39.0,448,Williams,110.01,108.086,,1.677,-0.247,,1.677,-0.247,,108.422,-,24.0,-,24,-,,-,
1,2022,2022081,40.0,449,Williams,110.454,107.97,,2.046,-0.438,,2.046,-0.438,,108.433,-,24.0,-,24,-,,-,
1,2022,2022081,41.0,450,Williams,111.617,107.97,,3.273,-0.374,,3.273,-0.374,,108.344,-,24.0,-,24,-,,-,
1,2022,2022081,42.0,451,Williams,112.683,108.194,,4.36,-0.129,,3.417,-0.129,,108.4,-,24.0,-,24,-,,-,
1,2022,2022081,43.0,452,Williams,111.862,108.269,,3.331,-0.262,,3.331,-0.262,,108.664,-,24.0,-,24,-,,-,
1,2022,2022081,44.0,453,Williams,111.536,108.135,,2.98,-0.421,,2.98,-0.421,,108.742,-,24.0,-,24,-,,-,
1,2022,2022081,45.0,454,Williams,111.447,108.167,,2.87,-0.41,,2.87,-0.41,,108.604,-,24.0,-,24,-,,-,
1,2022,2022081,46.0,455,Williams,110.235,110.265,,1.803,1.833,,1.803,-0.013,,108.555,-,18.0,-,24,-,,-,
1,2022,2022081,47.0,456,Williams,116.18,108.671,,7.848,0.339,,1.849,0.339,,108.867,-,24.0,-,24,-,,-,
1,2022,2022081,48.0,457,Williams,110.126,107.966,,1.801,-0.359,,1.801,-0.359,,108.35,-,24.0,-,24,-,,-,
1,2022,2022081,49.0,458,Williams,110.228,108.374,,1.88,0.026,,1.88,-0.28,,108.368,-,24.0,-,24,-,,-,
1,2022,2022081,50.0,459,Williams,110.246,108.17,,1.65,-0.426,,1.65,-0.426,,108.606,-,24.0,-,24,-,,-,
1,2022,2022091,1.0,460,Williams,,,,,,,,,,,-,-,-,,-,,-,
1,2022,2022091,2.0,461,Williams,,,,,,,,,,,-,-,-,,-,,-,
1,2022,2022091,3.0,462,Williams,81.123,80.304,,1.176,0.357,,1.176,0.357,,79.947,-,24.0,-,24,-,,-,
1,2022,2022091,4.0,463,Williams,80.61,79.484,,1.106,-0.02,,1.106,-0.02,,79.537,-,24.0,-,24,-,,-,
1,2022,2022091,5.0,464,Williams,80.483,79.69,,1.166,0.373,,1.166,0.373,,79.436,-,24.0,-,24,-,,-,
1,2022,2022091,6.0,465,Williams,80.257,79.682,,1.109,0.534,,1.109,0.534,,79.209,-,24.0,-,24,-,,-,
1,2022,2022091,7.0,466,Williams,81.099,79.727,,2.11,0.738,,2.11,0.738,,79.071,-,24.0,-,24,-,,-,
1,2022,2022091,8.0,467,Williams,,79.811,,,0.82,,,0.82,,78.991,-,-,-,,-,,-,
1,2022,2022091,9.0,468,Williams,,,,,,,,,,,-,-,-,,-,,-,
1,2022,2022091,10.0,469,Williams,,,,,,,,,,,-,-,-,,-,,-,
1,2022,2022091,11.0,470,Williams,80.548,79.354,,1.425,0.231,,1.425,0.231,,79.123,-,24.0,-,24,-,,-,
1,2022,2022091,12.0,471,Williams,79.765,79.472,,0.864,0.571,,0.864,0.571,,78.935,-,24.0,-,24,-,,-,
1,2022,2022091,13.0,472,Williams,79.429,79.72,,0.613,0.904,,0.613,0.904,,78.845,-,18.0,-,18,-,,-,
1,2022,2022091,14.0,473,Williams,79.934,79.436,,1.037,0.539,,1.037,0.539,,78.956,-,24.0,-,24,-,,-,
1,2022,2022091,15.0,474,Williams,80.591,79.849,,1.604,0.862,,1.066,0.862,,79.105,-,24.0,-,24,-,,-,
1,2022,2022091,16.0,475,Williams,80.172,80.496,,1.105,1.429,,1.105,1.429,,79.196,-,18.0,-,18,-,,-,
1,2022,2022091,17.0,476,Williams,79.952,80.927,,0.801,1.776,,0.801,1.776,,79.151,-,18.0,-,18,-,,-,
1,2022,2022091,18.0,477,Williams,79.869,,,0.944,,,0.944,,,78.925,-,-,-,,-,,-,
1,2022,2022091,19.0,478,Williams,,,,,,,,,,78.167,-,-,-,,-,,-,
1,2022,2022091,20.0,479,Williams,,,,,,,,,,,-,-,-,,-,,-,
1,2022,2022091,21.0,480,Williams,80.283,79.373,,1.139,0.229,,1.139,0.229,,79.144,-,24.0,-,24,-,,-,
1,2022,2022091,22.0,481,Williams,80.347,79.518,,1.35,0.521,,1.35,0.521,,79.044,-,24.0,-,24,-,,-,
1,2022,2022091,23.0,482,Williams,79.941,79.514,,1.078,0.651,,1.078,0.651,,78.901,-,24.0,-,24,-,,-,
1,2022,2022091,24.0,483,Williams,79.553,79.111,,0.803,0.361,,0.803,0.361,,78.75,-,24.0,-,24,-,,-,
1,2022,2022091,25.0,484,Williams,79.629,79.049,,0.977,0.397,,0.977,0.397,,78.692,-,24.0,-,24,-,,-,
1,2022,2022091,26.0,485,Williams,79.806,79.115,,1.189,0.498,,1.189,0.498,,78.617,-,24.0,-,24,-,,-,
1,2022,2022091,27.0,486,Williams,79.796,79.006,,1.045,0.255,,1.045,0.255,,78.769,-,24.0,-,24,-,,-,
1,2022,2022091,28.0,487,Williams,79.897,79.248,,1.1,0.451,,1.1,0.451,,78.819,-,24.0,-,24,-,,-,
1,2022,2022091,29.0,488,Williams,80.247,79.244,,1.385,0.382,,1.385,0.382,,78.862,-,24.0,-,24,-,,-,
1,2022,2022091,30.0,489,Williams,81.537,79.225,,2.587,0.275,,1.51,0.275,,79.083,-,24.0,-,24,-,,-,
1,2022,2022091,31.0,490,Williams,80.673,79.254,,1.727,0.308,,1.727,0.308,,79.025,-,24.0,-,24,-,,-,
1,2022,2022091,32.0,491,Williams,80.264,79.155,,1.368,0.259,,1.368,0.259,,78.925,-,24.0,-,24,-,,-,
1,2022,2022091,33.0,492,Williams,81.802,78.934,,3.111,0.243,,1.503,0.243,,78.781,-,24.0,-,24,-,,-,
1,2022,2022091,34.0,493,Williams,80.124,79.184,,1.378,0.438,,1.378,0.438,,78.798,-,24.0,-,24,-,,-,
1,2022,2022091,35.0,494,Williams,82.06,79.201,,3.317,0.458,,1.411,0.458,,78.849,-,24.0,-,24,-,,-,
1,2022,2022091,36.0,495,Williams,80.185,79.268,,1.395,0.478,,1.395,0.478,,78.877,-,24.0,-,24,-,,-,
1,2022,2022091,37.0,496,Williams,,80.493,,,1.817,,,0.471,,78.781,-,-,-,,-,,-,
1,2022,2022091,38.0,497,Williams,,79.027,,,0.39,,,0.39,,78.646,-,-,-,,-,,-,
1,2022,2022091,39.0,498,Williams,79.052,79.068,,0.371,0.387,,0.371,0.387,,78.717,-,18.0,-,18,-,,-,
1,2022,2022091,40.0,499,Williams,78.779,80.948,,0.174,2.343,,0.174,0.719,,78.868,-,18.0,-,18,-,,-,
1,2022,2022091,41.0,500,Williams,78.738,79.58,,-0.032,0.81,,-0.032,0.81,,78.833,-,18.0,-,18,-,,-,
1,2022,2022091,42.0,501,Williams,79.142,79.004,,0.454,0.316,,0.454,0.316,,78.743,-,24.0,-,24,-,,-,
1,2022,2022091,43.0,502,Williams,79.242,79.511,,0.383,0.652,,0.383,0.274,,79.055,-,18.0,-,24,-,,-,
1,2022,2022091,44.0,503,Williams,78.899,79.262,,0.082,0.445,,0.082,0.445,,78.847,-,18.0,-,18,-,,-,
1,2022,2022091,45.0,504,Williams,79.122,79.196,,0.513,0.587,,0.513,0.587,,78.65,-,18.0,-,18,-,,-,
1,2022,2022091,46.0,505,Williams,78.928,79.919,,0.447,1.438,,0.447,0.588,,78.531,-,18.0,-,18,-,,-,
1,2022,2022091,47.0,506,Williams,81.585,78.941,,2.973,0.329,,2.973,0.329,,78.63,-,24.0,-,24,-,,-,
1,2022,2022091,48.0,507,Williams,,,,,,,,,,77.746,-,-,-,,-,,-,
1,2022,2022091,49.0,508,Williams,,,,,,,,,,,-,-,-,,-,,-,
1,2022,2022091,50.0,509,Williams,,,,,,,,,,,-,-,-,,-,,-,
1,2022,2022091,51.0,510,Williams,,,,,,,,,,,-,-,-,,-,,-,
1,2022,2022091,52.0,511,Williams,,,,,,,,,,,-,-,-,,-,,-,
1,2022,2022091,53.0,512,Williams,,,,,,,,,,,-,-,-,,-,,-,
1,2022,2022091,54.0,513,Williams,,,,,,,,,,,-,-,-,,-,,-,
1,2022,2022091,55.0,514,Williams,,,,,,,,,,,-,-,-,,-,,-,
1,2022,2022091,56.0,515,Williams,80.07,79.776,,1.597,1.303,,1.597,1.303,,78.473,-,24.0,-,24,-,,-,
1,2022,2022091,57.0,516,Williams,80.057,79.638,,1.888,1.469,,1.888,1.469,,78.426,-,24.0,-,24,-,,-,
1,2022,2022091,58.0,517,Williams,79.926,78.161,,2.12,0.355,,2.12,0.355,,77.834,-,24.0,-,24,-,,-,
1,2022,2022091,59.0,518,Williams,79.477,77.951,,1.911,0.385,,1.911,0.385,,77.672,-,24.0,-,24,-,,-,
1,2022,2022091,60.0,519,Williams,79.514,78.067,,2.001,0.554,,2.001,0.554,,77.609,-,24.0,-,24,-,,-,
1,2022,2022091,61.0,520,Williams,78.54,78.25,,1.065,0.775,,1.065,0.775,,77.503,-,24.0,-,24,-,,-,
1,2022,2022091,62.0,521,Williams,79.143,77.964,,1.763,0.584,,1.423,0.584,,77.449,-,24.0,-,24,-,,-,
1,2022,2022091,63.0,522,Williams,79.066,78.086,,1.747,0.767,,1.747,0.767,,77.394,-,24.0,-,24,-,,-,
1,2022,2022091,64.0,523,Williams,78.823,78.007,,1.471,0.655,,1.471,0.655,,77.352,-,24.0,-,24,-,,-,
1,2022,2022091,65.0,524,Williams,79.143,78.185,,1.641,0.683,,1.641,0.683,,77.51,-,24.0,-,24,-,,-,
1,2022,2022091,66.0,525,Williams,79.156,78.572,,1.483,0.899,,1.483,0.899,,77.694,-,24.0,-,24,-,,-,
1,2022,2022091,67.0,526,Williams,79.159,78.792,,1.366,0.999,,1.366,0.999,,77.847,-,24.0,-,24,-,,-,
1,2022,2022091,68.0,527,Williams,79.249,78.569,,1.513,0.833,,1.513,0.833,,77.871,-,24.0,-,24,-,,-,
1,2022,2022091,69.0,528,Williams,79.483,78.087,,1.823,0.427,,1.823,0.427,,77.66,-,24.0,-,24,-,,-,
1,2022,2022091,70.0,529,Williams,79.476,78.348,,1.465,0.337,,1.465,0.337,,78.011,-,24.0,-,24,-,,-,
1,2022,2022101,1.0,530,Williams,,,,,,,,,,,-,-,-,,-,,-,
1,2022,2022101,2.0,531,Williams,,,,,,,,,,,-,-,-,,-,,-,
1,2022,2022101,3.0,532,Williams,,,,,,,,,,,-,-,-,,-,,-,
1,2022,2022101,4.0,533,Williams,,,,,,,,,,,-,-,-,,-,,-,
1,2022,2022101,5.0,534,Williams,95.719,,,0.378,,,0.378,,,95.341,-,-,-,,-,,-,
1,2022,2022101,6.0,535,Williams,95.743,,,0.758,,,0.758,,,94.985,-,-,-,,-,,-,
1,2022,2022101,7.0,536,Williams,95.615,,,0.739,,,0.739,,,94.932,-,-,-,,-,,-,
1,2022,2022101,8.0,537,Williams,95.673,,,0.776,,,0.776,,,94.913,-,-,-,,-,,-,
1,2022,2022101,9.0,538,Williams,95.522,,,0.662,,,0.662,,,94.93,-,-,-,,-,,-,
1,2022,2022101,10.0,539,Williams,95.462,,,0.631,,,0.631,,,94.944,-,-,-,,-,,-,
1,2022,2022101,11.0,540,Williams,95.686,,,0.824,,,0.634,,,95.901,-,-,-,,-,,-,
1,2022,2022101,12.0,541,Williams,95.531,,,0.59,,,0.59,,,94.992,-,-,-,,-,,-,
1,2022,2022101,13.0,542,Williams,95.333,,,0.545,,,0.545,,,94.88,-,-,-,,-,,-,
1,2022,2022101,14.0,543,Williams,95.265,,,0.57,,,0.57,,,94.709,-,-,-,,-,,-,
1,2022,2022101,15.0,544,Williams,95.232,,,0.53,,,0.53,,,94.803,-,-,-,,-,,-,
1,2022,2022101,16.0,545,Williams,95.635,,,1.028,,,0.688,,,94.699,-,-,-,,-,,-,
1,2022,2022101,17.0,546,Williams,95.357,,,0.639,,,0.639,,,94.77,-,-,-,,-,,-,
1,2022,2022101,18.0,547,Williams,95.442,,,0.911,,,0.911,,,94.549,-,-,-,,-,,-,
1,2022,2022101,19.0,548,Williams,,,,,,,,,,94.285,-,-,-,,-,,-,
1,2022,2022101,20.0,549,Williams,,,,,,,,,,94.539,-,-,-,,-,,-,
1,2022,2022101,21.0,550,Williams,94.232,,,-0.138,,,-0.138,,,94.399,-,-,-,,-,,-,
1,2022,2022101,22.0,551,Williams,94.01,,,0.006,,,0.006,,,94.004,-,-,-,,-,,-,
1,2022,2022101,23.0,552,Williams,94.227,,,0.242,,,0.242,,,94.0,-,-,-,,-,,-,
1,2022,2022101,24.0,553,Williams,94.962,,,0.793,,,0.793,,,94.357,-,-,-,,-,,-,
1,2022,2022101,25.0,554,Williams,95.075,,,0.741,,,0.741,,,94.384,-,-,-,,-,,-,
1,2022,2022101,26.0,555,Williams,94.684,,,0.677,,,0.677,,,94.007,-,-,-,,-,,-,
1,2022,2022101,27.0,556,Williams,94.897,,,0.98,,,0.98,,,93.979,-,-,-,,-,,-,
1,2022,2022101,28.0,557,Williams,94.664,,,0.762,,,0.762,,,93.91,-,-,-,,-,,-,
1,2022,2022101,29.0,558,Williams,95.723,,,1.771,,,0.809,,,94.084,-,-,-,,-,,-,
1,2022,2022101,30.0,559,Williams,94.859,,,0.79,,,0.79,,,94.257,-,-,-,,-,,-,
1,2022,2022101,31.0,560,Williams,94.309,,,0.529,,,0.529,,,93.862,-,-,-,,-,,-,
1,2022,2022101,32.0,561,Williams,95.851,,,2.099,,,1.207,,,93.954,-,-,-,,-,,-,
1,2022,2022101,33.0,562,Williams,95.609,,,1.713,,,1.713,,,93.896,-,-,-,,-,,-,
1,2022,2022101,34.0,563,Williams,95.085,,,1.384,,,1.384,,,93.739,-,-,-,,-,,-,
1,2022,2022101,35.0,564,Williams,94.71,,,1.328,,,1.328,,,93.504,-,-,-,,-,,-,
1,2022,2022101,36.0,565,Williams,94.513,,,1.269,,,1.269,,,93.345,-,-,-,,-,,-,
1,2022,2022101,37.0,566,Williams,94.878,,,1.751,,,1.751,,,93.127,-,-,-,,-,,-,
1,2022,2022101,38.0,567,Williams,,,,,,,,,,92.31,-,-,-,,-,,-,
1,2022,2022101,39.0,568,Williams,,,,,,,,,,,-,-,-,,-,,-,
1,2022,2022101,40.0,569,Williams,,,,,,,,,,,-,-,-,,-,,-,
1,2022,2022101,41.0,570,Williams,,,,,,,,,,,-,-,-,,-,,-,
1,2022,2022101,42.0,571,Williams,,,,,,,,,,,-,-,-,,-,,-,
1,2022,2022101,43.0,572,Williams,,,,,,,,,,,-,-,-,,-,,-,
1,2022,2022101,44.0,573,Williams,93.79,,,0.832,,,0.832,,,92.958,-,-,-,,-,,-,
1,2022,2022101,45.0,574,Williams,93.365,,,0.751,,,0.751,,,92.695,-,-,-,,-,,-,
1,2022,2022101,46.0,575,Williams,93.425,,,0.861,,,0.861,,,92.814,-,-,-,,-,,-,
1,2022,2022101,47.0,576,Williams,93.558,,,1.041,,,1.041,,,92.517,-,-,-,,-,,-,
1,2022,2022101,48.0,577,Williams,93.286,,,0.835,,,0.835,,,92.695,-,-,-,,-,,-,
1,2022,2022101,49.0,578,Williams,95.043,,,2.561,,,1.13,,,92.702,-,-,-,,-,,-,
1,2022,2022101,50.0,579,Williams,93.937,,,1.393,,,1.393,,,92.596,-,-,-,,-,,-,
1,2022,2022101,51.0,580,Williams,94.867,,,2.192,,,1.625,,,92.824,-,-,-,,-,,-,
1,2022,2022101,52.0,581,Williams,94.663,,,2.044,,,2.044,,,92.619,-,-,-,,-,,-,
1,2022,2022111,1.0,582,Williams,,,,,,,,,,,-,-,-,,-,,-,
1,2022,2022111,2.0,583,Williams,,,,,,,,,,,-,-,-,,-,,-,
1,2022,2022111,3.0,584,Williams,72.131,71.94,,0.571,0.38,,0.571,0.38,,71.56,-,24.0,-,24,-,,-,
1,2022,2022111,4.0,585,Williams,71.895,71.721,,0.554,0.38,,0.554,0.38,,71.373,-,24.0,-,24,-,,-,
1,2022,2022111,5.0,586,Williams,71.989,71.806,,0.569,0.386,,0.569,0.386,,71.505,-,24.0,-,24,-,,-,
1,2022,2022111,6.0,587,Williams,71.878,71.94,,0.308,0.37,,0.308,0.37,,71.603,-,18.0,-,18,-,,-,
1,2022,2022111,7.0,588,Williams,72.266,71.746,,0.592,0.072,,0.347,0.072,,71.812,-,24.0,-,24,-,,-,
1,2022,2022111,8.0,589,Williams,72.164,71.89,,0.474,0.2,,0.474,0.2,,71.69,-,24.0,-,24,-,,-,
1,2022,2022111,9.0,590,Williams,72.353,71.98,,0.667,0.294,,0.667,0.294,,71.715,-,24.0,-,24,-,,-,
1,2022,2022111,10.0,591,Williams,72.611,71.691,,0.852,-0.068,,0.532,-0.068,,71.828,-,24.0,-,24,-,,-,
1,2022,2022111,11.0,592,Williams,72.228,,,0.433,,,0.433,,,71.795,-,-,-,,-,,-,
1,2022,2022111,12.0,593,Williams,,,,,,,,,,71.91,-,-,-,,-,,-,
1,2022,2022111,13.0,594,Williams,,71.134,,,-0.665,,,-0.665,,71.967,-,-,-,,-,,-,
1,2022,2022111,14.0,595,Williams,70.89,71.058,,-0.721,-0.553,,-0.721,-0.553,,71.663,-,18.0,-,18,-,,-,
1,2022,2022111,15.0,596,Williams,71.683,71.376,,0.245,-0.062,,-0.416,-0.062,,71.534,-,24.0,-,18,-,,-,
1,2022,2022111,16.0,597,Williams,71.153,70.934,,-0.125,-0.344,,-0.125,-0.344,,71.446,-,24.0,-,24,-,,-,
1,2022,2022111,17.0,598,Williams,71.448,71.121,,0.108,-0.219,,0.108,-0.219,,71.428,-,24.0,-,24,-,,-,
1,2022,2022111,18.0,599,Williams,71.171,70.859,,-0.039,-0.351,,-0.039,-0.351,,71.266,-,24.0,-,24,-,,-,
1,2022,2022111,19.0,600,Williams,71.374,71.37,,0.13,0.126,,0.13,-0.177,,71.339,-,24.0,-,24,-,,-,
1,2022,2022111,20.0,601,Williams,71.598,71.274,,0.319,-0.005,,0.319,-0.005,,71.37,-,24.0,-,24,-,,-,
1,2022,2022111,21.0,602,Williams,71.559,71.497,,0.183,0.121,,0.183,0.121,,71.491,-,24.0,-,24,-,,-,
1,2022,2022111,22.0,603,Williams,72.132,72.062,,0.607,0.537,,0.607,0.537,,71.525,-,24.0,-,24,-,,-,
1,2022,2022111,23.0,604,Williams,72.538,72.174,,0.652,0.288,,0.652,0.288,,72.032,-,24.0,-,24,-,,-,
1,2022,2022111,24.0,605,Williams,72.136,72.537,,0.393,0.794,,0.393,0.239,,71.964,-,18.0,-,24,-,,-,
1,2022,2022111,25.0,606,Williams,72.191,71.79,,0.569,0.168,,0.569,0.168,,71.683,-,24.0,-,24,-,,-,
1,2022,2022111,26.0,607,Williams,72.237,71.934,,0.771,0.468,,0.771,0.468,,71.466,-,24.0,-,24,-,,-,
1,2022,2022111,27.0,608,Williams,72.901,72.243,,1.285,0.627,,0.699,0.627,,71.715,-,24.0,-,24,-,,-,
1,2022,2022111,28.0,609,Williams,72.393,72.213,,0.992,0.812,,0.992,0.812,,71.45,-,24.0,-,24,-,,-,
1,2022,2022111,29.0,610,Williams,73.219,71.99,,2.101,0.872,,2.101,0.872,,71.211,-,24.0,-,24,-,,-,
1,2022,2022111,30.0,611,Williams,73.44,71.891,,2.252,0.703,,2.252,0.703,,71.188,-,24.0,-,24,-,,-,
1,2022,2022111,31.0,612,Williams,72.582,71.911,,1.363,0.692,,1.363,0.692,,71.29,-,24.0,-,24,-,,-,
1,2022,2022111,32.0,613,Williams,74.285,71.709,,2.97,0.394,,1.467,0.394,,71.478,-,24.0,-,24,-,,-,
1,2022,2022111,33.0,614,Williams,72.983,72.068,,1.604,0.689,,1.604,0.46,,71.545,-,24.0,-,24,-,,-,
1,2022,2022111,34.0,615,Williams,72.457,71.968,,1.25,0.761,,1.25,0.761,,71.227,-,24.0,-,24,-,,-,
1,2022,2022111,35.0,616,Williams,,71.82,,,0.747,,,0.747,,71.073,-,-,-,,-,,-,
1,2022,2022111,36.0,617,Williams,,71.843,,,0.71,,,0.71,,71.219,-,-,-,,-,,-,
1,2022,2022111,37.0,618,Williams,71.543,72.099,,0.285,0.841,,0.285,0.841,,71.479,-,18.0,-,18,-,,-,
1,2022,2022111,38.0,619,Williams,71.634,72.196,,0.296,0.858,,0.296,0.858,,71.338,-,18.0,-,18,-,,-,
1,2022,2022111,39.0,620,Williams,73.298,72.039,,1.769,0.51,,0.429,0.51,,72.713,-,24.0,-,18,-,,-,
1,2022,2022111,40.0,621,Williams,72.282,72.558,,0.689,0.965,,0.689,0.965,,71.81,-,18.0,-,18,-,,-,
1,2022,2022111,41.0,622,Williams,72.104,,,0.835,,,0.835,,,71.319,-,-,-,,-,,-,
1,2022,2022111,42.0,623,Williams,72.541,,,1.345,,,1.345,,,71.304,-,-,-,,-,,-,
1,2022,2022111,43.0,624,Williams,73.924,70.395,,2.811,-0.718,,1.37,-0.718,,71.284,-,24.0,-,24,-,,-,
1,2022,2022111,44.0,625,Williams,72.426,70.32,,1.553,-0.553,,1.553,-0.553,,71.105,-,24.0,-,24,-,,-,
1,2022,2022111,45.0,626,Williams,72.629,70.904,,1.754,0.029,,1.754,-0.325,,70.897,-,24.0,-,24,-,,-,
1,2022,2022111,46.0,627,Williams,72.655,70.779,,1.808,-0.068,,1.808,-0.068,,70.971,-,24.0,-,24,-,,-,
1,2022,2022111,47.0,628,Williams,72.665,70.802,,1.876,0.013,,1.876,0.013,,70.789,-,24.0,-,24,-,,-,
1,2022,2022111,48.0,629,Williams,,70.605,,,0.238,,,0.238,,70.42,-,-,-,,-,,-,
1,2022,2022111,49.0,630,Williams,,70.827,,,0.465,,,0.465,,70.362,-,-,-,,-,,-,
1,2022,2022111,50.0,631,Williams,,70.466,,,0.162,,,0.162,,70.357,-,-,-,,-,,-,
1,2022,2022111,51.0,632,Williams,,70.474,,,0.252,,,0.252,,70.295,-,-,-,,-,,-,
1,2022,2022111,52.0,633,Williams,,73.466,,,3.25,,,0.557,,70.614,-,-,-,,-,,-,
1,2022,2022111,53.0,634,Williams,,71.072,,,0.832,,,0.832,,70.273,-,-,-,,-,,-,
1,2022,2022111,54.0,635,Williams,,71.563,,,1.318,,,0.538,,70.485,-,-,-,,-,,-,
1,2022,2022111,55.0,636,Williams,,70.493,,,0.45,,,0.45,,70.101,-,-,-,,-,,-,
1,2022,2022111,56.0,637,Williams,,70.339,,,0.29,,,0.29,,70.049,-,-,-,,-,,-,
1,2022,2022111,57.0,638,Williams,,,,,,,,,,69.343,-,-,-,,-,,-,
1,2022,2022111,58.0,639,Williams,,,,,,,,,,,-,-,-,,-,,-,
1,2022,2022111,59.0,640,Williams,,,,,,,,,,70.355,-,-,-,,-,,-,
1,2022,2022111,60.0,641,Williams,,69.669,,,-0.277,,,-0.277,,69.971,-,-,-,,-,,-,
1,2022,2022111,61.0,642,Williams,,70.692,,,1.217,,,0.335,,69.603,-,-,-,,-,,-,
1,2022,2022111,62.0,643,Williams,,69.951,,,0.404,,,0.404,,69.638,-,-,-,,-,,-,
1,2022,2022111,63.0,644,Williams,,70.691,,,0.802,,,0.802,,69.971,-,-,-,,-,,-,
1,2022,2022111,64.0,645,Williams,,71.587,,,1.537,,,0.718,,70.171,-,-,-,,-,,-,
1,2022,2022111,65.0,646,Williams,,70.845,,,0.69,,,0.69,,70.216,-,-,-,,-,,-,
1,2022,2022111,66.0,647,Williams,,71.05,,,0.811,,,0.811,,70.303,-,-,-,,-,,-,
1,2022,2022111,67.0,648,Williams,,71.282,,,1.043,,,1.043,,70.47,-,-,-,,-,,-,
1,2022,2022111,68.0,649,Williams,,70.781,,,0.627,,,0.627,,70.185,-,-,-,,-,,-,
1,2022,2022111,69.0,650,Williams,,70.602,,,0.484,,,0.484,,70.118,-,-,-,,-,,-,
1,2022,2022111,70.0,651,Williams,,70.785,,,0.784,,,0.784,,70.001,-,-,-,,-,,-,
1,2022,2022121,1.0,652,Williams,,,,,,,,,,,-,-,-,,-,,-,
1,2022,2022121,2.0,653,Williams,,,,,,,,,,,-,-,-,,-,,-,
1,2022,2022121,3.0,654,Williams,101.281,100.395,,0.989,0.103,,0.989,0.103,,100.292,-,24.0,-,24,-,,-,
1,2022,2022121,4.0,655,Williams,101.089,100.423,,1.146,0.48,,1.146,0.48,,99.952,-,24.0,-,24,-,,-,
1,2022,2022121,5.0,656,Williams,100.706,101.576,,0.655,1.525,,0.655,0.3,,100.191,-,18.0,-,24,-,,-,
1,2022,2022121,6.0,657,Williams,100.983,100.279,,0.805,0.101,,0.805,0.101,,100.191,-,24.0,-,24,-,,-,
1,2022,2022121,7.0,658,Williams,101.028,100.884,,0.707,0.563,,0.707,0.008,,100.518,-,24.0,-,24,-,,-,
1,2022,2022121,8.0,659,Williams,100.612,100.379,,0.476,0.243,,0.476,0.243,,100.136,-,24.0,-,24,-,,-,
1,2022,2022121,9.0,660,Williams,100.936,100.265,,0.81,0.139,,0.81,0.139,,100.155,-,24.0,-,24,-,,-,
1,2022,2022121,10.0,661,Williams,101.188,100.865,,0.894,0.571,,0.894,0.571,,100.331,-,24.0,-,24,-,,-,
1,2022,2022121,11.0,662,Williams,101.054,101.072,,0.807,0.825,,0.807,0.825,,100.33,-,18.0,-,18,-,,-,
1,2022,2022121,12.0,663,Williams,100.856,100.702,,0.735,0.581,,0.735,0.581,,100.173,-,24.0,-,24,-,,-,
1,2022,2022121,13.0,664,Williams,101.145,101.235,,0.792,0.882,,0.792,0.882,,100.421,-,18.0,-,18,-,,-,
1,2022,2022121,14.0,665,Williams,101.857,101.371,,1.422,0.936,,0.653,0.936,,100.607,-,24.0,-,18,-,,-,
1,2022,2022121,15.0,666,Williams,101.032,100.944,,0.75,0.662,,0.75,0.662,,100.282,-,24.0,-,24,-,,-,
1,2022,2022121,16.0,667,Williams,100.754,101.056,,0.319,0.621,,0.319,0.621,,100.494,-,18.0,-,18,-,,-,
1,2022,2022121,17.0,668,Williams,101.068,101.107,,0.42,0.459,,0.42,0.459,,100.648,-,18.0,-,18,-,,-,
1,2022,2022121,18.0,669,Williams,,,,,,,,,,,-,-,-,,-,,-,
1,2022,2022121,19.0,670,Williams,,,,,,,,,,,-,-,-,,-,,-,
1,2022,2022121,20.0,671,Williams,,,,,,,,,,,-,-,-,,-,,-,
1,2022,2022121,21.0,672,Williams,,,,,,,,,,,-,-,-,,-,,-,
1,2022,2022121,22.0,673,Williams,100.616,101.067,,0.203,0.654,,0.203,0.654,,100.413,-,18.0,-,18,-,,-,
1,2022,2022121,23.0,674,Williams,101.341,100.35,,1.742,0.751,,0.882,0.751,,99.727,-,24.0,-,24,-,,-,
1,2022,2022121,24.0,675,Williams,100.347,99.92,,0.958,0.531,,0.958,0.531,,99.416,-,24.0,-,24,-,,-,
1,2022,2022121,25.0,676,Williams,100.336,99.779,,1.017,0.46,,1.017,0.46,,99.369,-,24.0,-,24,-,,-,
1,2022,2022121,26.0,677,Williams,99.85,99.804,,0.559,0.513,,0.559,0.513,,99.291,-,24.0,-,24,-,,-,
1,2022,2022121,27.0,678,Williams,99.82,99.819,,0.635,0.634,,0.635,0.634,,99.185,-,24.0,-,24,-,,-,
1,2022,2022121,28.0,679,Williams,99.909,100.117,,0.792,1.0,,0.792,1.0,,99.273,-,18.0,-,18,-,,-,
1,2022,2022121,29.0,680,Williams,99.904,99.762,,0.735,0.593,,0.735,0.593,,99.221,-,24.0,-,24,-,,-,
1,2022,2022121,30.0,681,Williams,99.725,99.656,,0.46,0.391,,0.46,0.391,,99.372,-,24.0,-,24,-,,-,
1,2022,2022121,31.0,682,Williams,100.163,99.839,,0.809,0.485,,0.47,0.485,,99.434,-,24.0,-,18,-,,-,
1,2022,2022121,32.0,683,Williams,99.923,99.551,,0.633,0.261,,0.633,0.261,,99.339,-,24.0,-,24,-,,-,
1,2022,2022121,33.0,684,Williams,100.008,100.0,,0.655,0.647,,0.655,0.287,,99.47,-,24.0,-,24,-,,-,
1,2022,2022121,34.0,685,Williams,100.148,99.729,,0.731,0.312,,0.731,0.312,,99.45,-,24.0,-,24,-,,-,
1,2022,2022121,35.0,686,Williams,100.502,100.042,,0.928,0.468,,0.928,0.468,,99.674,-,24.0,-,24,-,,-,
1,2022,2022121,36.0,687,Williams,100.768,100.095,,1.181,0.508,,1.181,0.508,,99.695,-,24.0,-,24,-,,-,
1,2022,2022121,37.0,688,Williams,100.621,99.875,,1.166,0.42,,1.166,0.42,,99.541,-,24.0,-,24,-,,-,
1,2022,2022121,38.0,689,Williams,,100.713,,,1.485,,,1.485,,99.411,-,-,-,,-,,-,
1,2022,2022121,39.0,690,Williams,,101.366,,,2.204,,,1.239,,99.282,-,-,-,,-,,-,
1,2022,2022121,40.0,691,Williams,99.65,100.09,,0.424,0.864,,0.424,0.864,,99.226,-,18.0,-,18,-,,-,
1,2022,2022121,41.0,692,Williams,,99.854,,,0.666,,,0.666,,99.468,-,-,-,,-,,-,
1,2022,2022121,42.0,693,Williams,,99.853,,,0.707,,,0.707,,99.41,-,-,-,,-,,-,
1,2022,2022121,43.0,694,Williams,,99.551,,,0.517,,,0.517,,99.051,-,-,-,,-,,-,
1,2022,2022121,44.0,695,Williams,,99.638,,,0.701,,,0.701,,99.068,-,-,-,,-,,-,
1,2022,2022121,45.0,696,Williams,,99.449,,,0.61,,,0.61,,98.973,-,-,-,,-,,-,
1,2022,2022121,46.0,697,Williams,,99.857,,,1.062,,,1.062,,98.829,-,-,-,,-,,-,
1,2022,2022121,47.0,698,Williams,,101.357,,,2.463,,,0.782,,99.094,-,-,-,,-,,-,
1,2022,2022121,48.0,699,Williams,,99.495,,,0.759,,,0.759,,98.736,-,-,-,,-,,-,
1,2022,2022121,49.0,700,Williams,,,,,,,,,,98.74,-,-,-,,-,,-,
1,2022,2022121,50.0,701,Williams,,,,,,,,,,,-,-,-,,-,,-,
1,2022,2022121,51.0,702,Williams,,99.475,,,0.649,,,0.649,,98.826,-,-,-,,-,,-,
1,2022,2022121,52.0,703,Williams,,99.306,,,0.634,,,0.634,,98.71,-,-,-,,-,,-,
1,2022,2022121,53.0,704,Williams,,99.199,,,0.169,,,0.169,,99.03,-,-,-,,-,,-,
1,2022,2022131,1.0,705,Williams,,,,,,,,,,,-,-,-,,-,,-,
1,2022,2022131,2.0,706,Williams,,,,,,,,,,,-,-,-,,-,,-,
1,2022,2022131,3.0,707,Williams,,,,,,,,,,,-,-,-,,-,,-,
1,2022,2022131,4.0,708,Williams,86.007,85.048,,1.162,0.203,,1.162,0.203,,84.845,-,24.0,-,24,-,,-,
1,2022,2022131,5.0,709,Williams,85.935,84.719,,1.059,-0.157,,1.059,-0.157,,84.961,-,24.0,-,24,-,,-,
1,2022,2022131,6.0,710,Williams,85.567,84.924,,0.63,-0.013,,0.63,-0.013,,85.054,-,24.0,-,24,-,,-,
1,2022,2022131,7.0,711,Williams,85.677,85.177,,0.692,0.192,,0.692,0.192,,85.145,-,24.0,-,24,-,,-,
1,2022,2022131,8.0,712,Williams,85.772,85.329,,0.596,0.153,,0.596,0.153,,85.251,-,24.0,-,24,-,,-,
1,2022,2022131,9.0,713,Williams,86.738,85.36,,1.675,0.297,,1.026,0.297,,85.13,-,24.0,-,24,-,,-,
1,2022,2022131,10.0,714,Williams,86.406,85.585,,1.128,0.307,,1.128,0.307,,85.449,-,24.0,-,24,-,,-,
1,2022,2022131,11.0,715,Williams,86.298,85.713,,0.985,0.4,,0.985,0.4,,85.41,-,24.0,-,24,-,,-,
1,2022,2022131,12.0,716,Williams,86.321,85.3,,0.897,-0.124,,0.897,-0.124,,85.548,-,24.0,-,24,-,,-,
1,2022,2022131,13.0,717,Williams,86.706,85.51,,1.165,-0.031,,0.91,-0.031,,85.587,-,24.0,-,24,-,,-,
1,2022,2022131,14.0,718,Williams,86.582,85.679,,0.926,0.023,,0.926,0.023,,85.75,-,24.0,-,24,-,,-,
1,2022,2022131,15.0,719,Williams,86.674,85.862,,1.235,0.423,,1.235,0.423,,85.625,-,24.0,-,24,-,,-,
1,2022,2022131,16.0,720,Williams,86.983,85.86,,1.623,0.5,,1.377,0.5,,85.417,-,24.0,-,24,-,,-,
1,2022,2022131,17.0,721,Williams,86.801,86.941,,1.35,1.49,,1.35,1.49,,85.56,-,18.0,-,18,-,,-,
1,2022,2022131,18.0,722,Williams,,87.336,,,2.148,,,2.148,,85.266,-,-,-,,-,,-,
1,2022,2022131,19.0,723,Williams,,87.467,,,2.217,,,2.217,,85.284,-,-,-,,-,,-,
1,2022,2022131,20.0,724,Williams,85.384,86.663,,0.091,1.37,,0.091,1.37,,85.478,-,18.0,-,18,-,,-,
1,2022,2022131,21.0,725,Williams,85.761,,,0.737,,,0.436,,,85.06,-,-,-,,-,,-,
1,2022,2022131,22.0,726,Williams,85.537,,,0.876,,,0.876,,,84.788,-,-,-,,-,,-,
1,2022,2022131,23.0,727,Williams,85.494,85.202,,0.841,0.549,,0.841,0.549,,84.725,-,24.0,-,24,-,,-,
1,2022,2022131,24.0,728,Williams,85.648,84.805,,0.899,0.056,,0.899,0.056,,84.945,-,24.0,-,24,-,,-,
1,2022,2022131,25.0,729,Williams,85.454,84.778,,0.666,-0.01,,0.666,-0.01,,84.808,-,24.0,-,24,-,,-,
1,2022,2022131,26.0,730,Williams,85.457,84.677,,0.683,-0.097,,0.683,-0.097,,84.866,-,24.0,-,24,-,,-,
1,2022,2022131,27.0,731,Williams,85.49,85.259,,0.722,0.491,,0.722,0.491,,84.793,-,24.0,-,24,-,,-,
1,2022,2022131,28.0,732,Williams,86.427,85.113,,1.686,0.372,,0.999,0.372,,84.948,-,24.0,-,24,-,,-,
1,2022,2022131,29.0,733,Williams,85.989,84.75,,1.15,-0.089,,1.15,-0.089,,84.976,-,24.0,-,24,-,,-,
1,2022,2022131,30.0,734,Williams,85.608,85.0,,0.79,0.182,,0.79,0.182,,84.905,-,24.0,-,24,-,,-,
1,2022,2022131,31.0,735,Williams,85.476,85.29,,0.698,0.512,,0.698,0.512,,84.895,-,24.0,-,24,-,,-,
1,2022,2022131,32.0,736,Williams,85.18,84.491,,0.424,-0.265,,0.424,-0.265,,84.921,-,24.0,-,24,-,,-,
1,2022,2022131,33.0,737,Williams,84.929,90.203,,0.252,5.526,,0.252,1.012,,84.946,-,18.0,-,18,-,,-,
1,2022,2022131,34.0,738,Williams,85.013,86.887,,0.313,2.187,,0.313,2.187,,84.7,-,18.0,-,18,-,,-,
1,2022,2022131,35.0,739,Williams,85.202,86.963,,0.415,2.176,,0.415,2.176,,84.87,-,18.0,-,18,-,,-,
1,2022,2022131,36.0,740,Williams,85.589,85.93,,0.859,1.2,,0.859,1.2,,84.818,-,18.0,-,18,-,,-,
1,2022,2022131,37.0,741,Williams,87.5,85.408,,2.856,0.764,,1.164,0.764,,84.766,-,24.0,-,24,-,,-,
1,2022,2022131,38.0,742,Williams,86.027,85.095,,1.21,0.278,,1.21,0.278,,85.154,-,24.0,-,24,-,,-,
1,2022,2022131,39.0,743,Williams,,84.92,,,0.057,,,0.057,,84.863,-,-,-,,-,,-,
1,2022,2022131,40.0,744,Williams,,,,,,,,,,84.892,-,-,-,,-,,-,
1,2022,2022131,41.0,745,Williams,85.41,,,0.557,,,0.557,,,85.225,-,-,-,,-,,-,
1,2022,2022131,42.0,746,Williams,84.015,83.357,,-0.44,-1.098,,-0.44,-1.098,,84.499,-,24.0,-,24,-,,-,
1,2022,2022131,43.0,747,Williams,84.633,83.047,,0.457,-1.129,,0.457,-1.129,,84.176,-,24.0,-,24,-,,-,
1,2022,2022131,44.0,748,Williams,84.964,83.43,,0.817,-0.717,,0.817,-0.717,,84.19,-,24.0,-,24,-,,-,
1,2022,2022131,45.0,749,Williams,84.723,83.591,,0.531,-0.601,,0.531,-0.601,,84.328,-,24.0,-,24,-,,-,
1,2022,2022131,46.0,750,Williams,83.884,83.866,,-0.071,-0.089,,-0.071,-0.089,,84.046,-,24.0,-,24,-,,-,
1,2022,2022131,47.0,751,Williams,84.505,83.891,,0.517,-0.097,,0.517,-0.097,,84.371,-,24.0,-,24,-,,-,
1,2022,2022131,48.0,752,Williams,84.641,83.857,,-0.042,-0.826,,-0.042,-0.826,,84.845,-,24.0,-,24,-,,-,
1,2022,2022131,49.0,753,Williams,84.319,83.992,,-0.027,-0.354,,-0.027,-0.354,,84.44,-,24.0,-,24,-,,-,
1,2022,2022131,50.0,754,Williams,84.405,83.637,,0.173,-0.595,,0.173,-0.595,,84.257,-,24.0,-,24,-,,-,
1,2022,2022131,51.0,755,Williams,84.856,86.056,,1.199,2.399,,1.199,0.203,,83.824,-,18.0,-,24,-,,-,
1,2022,2022131,52.0,756,Williams,86.786,84.083,,3.109,0.406,,1.358,0.406,,84.106,-,24.0,-,24,-,,-,
1,2022,2022131,53.0,757,Williams,85.215,84.621,,1.31,0.716,,1.31,0.716,,83.98,-,24.0,-,24,-,,-,
1,2022,2022131,54.0,758,Williams,87.13,85.927,,3.309,2.106,,1.608,1.262,,84.156,-,24.0,-,24,-,,-,
1,2022,2022131,55.0,759,Williams,85.643,85.544,,1.535,1.436,,1.535,1.436,,84.123,-,24.0,-,24,-,,-,
1,2022,2022131,56.0,760,Williams,,84.514,,,0.657,,,0.657,,83.963,-,-,-,,-,,-,
1,2022,2022131,57.0,761,Williams,,85.166,,,1.65,,,1.65,,83.746,-,-,-,,-,,-,
1,2022,2022131,58.0,762,Williams,84.33,85.248,,0.803,1.721,,0.803,1.721,,83.664,-,18.0,-,18,-,,-,
1,2022,2022131,59.0,763,Williams,83.37,85.137,,-0.095,1.672,,-0.095,1.672,,83.557,-,18.0,-,18,-,,-,
1,2022,2022131,60.0,764,Williams,82.478,85.062,,-0.995,1.589,,-0.995,1.589,,83.727,-,18.0,-,18,-,,-,
1,2022,2022131,61.0,765,Williams,82.977,85.086,,-0.748,1.361,,-0.748,1.361,,83.903,-,18.0,-,18,-,,-,
1,2022,2022131,62.0,766,Williams,84.048,85.34,,0.184,1.476,,0.184,1.476,,84.127,-,18.0,-,18,-,,-,
1,2022,2022131,63.0,767,Williams,82.913,85.46,,-0.787,1.76,,-0.787,1.76,,84.126,-,18.0,-,18,-,,-,
1,2022,2022131,64.0,768,Williams,82.802,85.785,,-0.963,2.02,,-0.963,2.02,,83.91,-,18.0,-,18,-,,-,
1,2022,2022131,65.0,769,Williams,83.799,86.377,,-0.674,1.903,,-0.674,1.903,,84.698,-,18.0,-,18,-,,-,
1,2022,2022131,66.0,770,Williams,,,,,,,,,,84.196,-,-,-,,-,,-,
1,2022,2022131,67.0,771,Williams,,,,,,,,,,83.316,-,-,-,,-,,-,
1,2022,2022131,68.0,772,Williams,87.47,88.621,,-3.696,-2.545,,-3.696,-2.545,,91.166,-,18.0,-,18,-,,-,
1,2022,2022131,69.0,773,Williams,87.073,88.485,,-2.084,-0.672,,-2.084,-0.672,,89.157,-,18.0,-,18,-,,-,
1,2022,2022141,1.0,774,Williams,,,,,,,,,,,-,-,-,,-,,-,
1,2022,2022141,2.0,775,Williams,,,,,,,,,,,-,-,-,,-,,-,
1,2022,2022141,3.0,776,Williams,,,,,,,,,,,-,-,-,,-,,-,
1,2022,2022141,4.0,777,Williams,,,,,,,,,,,-,-,-,,-,,-,
1,2022,2022141,5.0,778,Williams,,,,,,,,,,,-,-,-,,-,,-,
1,2022,2022141,6.0,779,Williams,115.363,114.61,,0.416,-0.337,,0.416,-0.337,,114.947,-,24.0,-,24,-,,-,
1,2022,2022141,7.0,780,Williams,115.404,114.705,,0.709,0.01,,0.709,0.01,,114.695,-,24.0,-,24,-,,-,
1,2022,2022141,8.0,781,Williams,116.572,115.328,,1.127,-0.117,,1.127,-0.117,,115.524,-,24.0,-,24,-,,-,
1,2022,2022141,9.0,782,Williams,117.065,116.42,,1.169,0.524,,1.169,0.524,,116.012,-,24.0,-,24,-,,-,
1,2022,2022141,10.0,783,Williams,117.249,,,1.311,,,1.311,,,116.007,-,-,-,,-,,-,
1,2022,2022141,11.0,784,Williams,116.703,,,0.988,,,0.988,,,115.778,-,-,-,,-,,-,
1,2022,2022141,12.0,785,Williams,116.711,113.956,,1.411,-1.344,,1.411,-1.344,,115.412,-,24.0,-,24,-,,-,
1,2022,2022141,13.0,786,Williams,117.784,115.027,,2.431,-0.326,,1.599,-0.326,,115.446,-,24.0,-,24,-,,-,
1,2022,2022141,14.0,787,Williams,117.194,115.335,,2.139,0.28,,2.139,0.28,,115.135,-,24.0,-,24,-,,-,
1,2022,2022141,15.0,788,Williams,,114.516,,,0.156,,,0.156,,114.614,-,-,-,,-,,-,
1,2022,2022141,16.0,789,Williams,,114.63,,,0.761,,,0.761,,114.108,-,-,-,,-,,-,
1,2022,2022141,17.0,790,Williams,114.924,115.459,,1.167,1.702,,1.167,1.088,,113.827,-,18.0,-,24,-,,-,
1,2022,2022141,18.0,791,Williams,114.803,115.06,,0.668,0.925,,0.668,0.925,,114.23,-,18.0,-,18,-,,-,
1,2022,2022141,19.0,792,Williams,115.567,115.534,,1.101,1.068,,0.507,1.068,,114.611,-,24.0,-,18,-,,-,
1,2022,2022141,20.0,793,Williams,115.143,116.255,,0.49,1.602,,0.49,0.985,,114.82,-,18.0,-,18,-,,-,
1,2022,2022141,21.0,794,Williams,114.884,115.742,,0.168,1.026,,0.168,1.026,,114.78,-,18.0,-,18,-,,-,
1,2022,2022141,22.0,795,Williams,115.256,115.649,,0.597,0.99,,0.597,0.99,,114.71,-,18.0,-,18,-,,-,
1,2022,2022141,23.0,796,Williams,115.868,115.912,,1.216,1.26,,1.216,1.26,,114.652,-,18.0,-,18,-,,-,
1,2022,2022141,24.0,797,Williams,115.18,116.102,,0.468,1.39,,0.468,1.39,,114.781,-,18.0,-,18,-,,-,
1,2022,2022141,25.0,798,Williams,115.717,116.118,,0.786,1.187,,0.786,1.187,,114.965,-,18.0,-,18,-,,-,
1,2022,2022141,26.0,799,Williams,116.515,,,1.625,,,1.147,,,114.986,-,-,-,,-,,-,
1,2022,2022141,27.0,800,Williams,116.356,,,2.159,,,2.159,,,114.215,-,-,-,,-,,-,
1,2022,2022141,28.0,801,Williams,115.469,113.055,,1.621,-0.793,,1.621,-0.793,,113.908,-,24.0,-,24,-,,-,
1,2022,2022141,29.0,802,Williams,117.078,114.027,,3.37,0.319,,2.052,0.319,,113.964,-,24.0,-,24,-,,-,
1,2022,2022141,30.0,803,Williams,116.051,114.426,,2.439,0.814,,2.439,0.814,,113.689,-,24.0,-,24,-,,-,
1,2022,2022141,31.0,804,Williams,116.951,114.667,,3.666,1.382,,2.741,1.382,,113.473,-,24.0,-,24,-,,-,
1,2022,2022141,32.0,805,Williams,116.002,113.935,,3.185,1.118,,3.185,1.118,,112.817,-,24.0,-,24,-,,-,
1,2022,2022141,33.0,806,Williams,115.914,113.955,,2.962,1.003,,2.962,1.003,,113.026,-,24.0,-,24,-,,-,
1,2022,2022141,34.0,807,Williams,,113.989,,,1.041,,,1.041,,113.072,-,-,-,,-,,-,
1,2022,2022141,35.0,808,Williams,,114.044,,,0.941,,,0.941,,113.219,-,-,-,,-,,-,
1,2022,2022141,36.0,809,Williams,112.375,114.348,,-0.743,1.23,,-0.743,1.23,,113.201,-,18.0,-,18,-,,-,
1,2022,2022141,37.0,810,Williams,112.358,114.253,,-0.875,1.02,,-0.875,1.02,,113.257,-,18.0,-,18,-,,-,
1,2022,2022141,38.0,811,Williams,112.256,114.234,,-1.032,0.946,,-1.032,0.946,,113.355,-,18.0,-,18,-,,-,
1,2022,2022141,39.0,812,Williams,112.334,114.189,,-0.931,0.924,,-0.931,0.924,,113.353,-,18.0,-,18,-,,-,
1,2022,2022141,40.0,813,Williams,112.772,114.091,,-0.516,0.803,,-0.516,0.803,,113.288,-,18.0,-,18,-,,-,
1,2022,2022141,41.0,814,Williams,113.083,114.512,,-0.382,1.047,,-0.567,1.047,,113.51,-,18.0,-,18,-,,-,
1,2022,2022141,42.0,815,Williams,113.023,114.711,,-0.667,1.021,,-0.667,1.021,,113.962,-,18.0,-,18,-,,-,
1,2022,2022141,43.0,816,Williams,112.954,114.46,,-0.999,0.507,,-0.999,0.507,,113.968,-,18.0,-,18,-,,-,
1,2022,2022141,44.0,817,Williams,,114.256,,,0.695,,,0.695,,113.561,-,-,-,,-,,-,
1,2022,2022151,1.0,818,Williams,,,,,,,,,,,-,-,-,,-,,-,
1,2022,2022151,2.0,819,Williams,,,,,,,,,,,-,-,-,,-,,-,
1,2022,2022151,3.0,820,Williams,79.03,78.238,,1.177,0.385,,1.177,0.385,,77.853,-,24.0,-,24,-,,-,
1,2022,2022151,4.0,821,Williams,78.681,78.214,,1.053,0.586,,1.053,0.586,,77.717,-,24.0,-,24,-,,-,
1,2022,2022151,5.0,822,Williams,78.491,78.084,,0.95,0.543,,0.95,0.543,,77.562,-,24.0,-,24,-,,-,
1,2022,2022151,6.0,823,Williams,78.709,78.23,,1.116,0.637,,1.116,0.637,,77.65,-,24.0,-,24,-,,-,
1,2022,2022151,7.0,824,Williams,78.776,78.279,,1.158,0.661,,1.158,0.661,,77.676,-,24.0,-,24,-,,-,
1,2022,2022151,8.0,825,Williams,78.991,78.575,,1.243,0.827,,1.243,0.596,,77.83,-,24.0,-,24,-,,-,
1,2022,2022151,9.0,826,Williams,79.061,78.41,,1.195,0.544,,1.195,0.544,,77.913,-,24.0,-,24,-,,-,
1,2022,2022151,10.0,827,Williams,79.247,78.585,,1.277,0.615,,1.277,0.615,,77.97,-,24.0,-,24,-,,-,
1,2022,2022151,11.0,828,Williams,80.613,79.023,,2.661,1.071,,1.33,0.765,,78.043,-,24.0,-,24,-,,-,
1,2022,2022151,12.0,829,Williams,79.317,78.849,,1.38,0.912,,1.38,0.912,,78.1,-,24.0,-,24,-,,-,
1,2022,2022151,13.0,830,Williams,,78.095,,,0.542,,,0.542,,77.584,-,-,-,,-,,-,
1,2022,2022151,14.0,831,Williams,,77.978,,,0.537,,,0.537,,77.544,-,-,-,,-,,-,
1,2022,2022151,15.0,832,Williams,77.979,78.232,,0.423,0.676,,0.423,0.487,,77.596,-,18.0,-,18,-,,-,
1,2022,2022151,16.0,833,Williams,78.194,78.109,,0.786,0.701,,0.786,0.701,,77.42,-,24.0,-,24,-,,-,
1,2022,2022151,17.0,834,Williams,78.547,78.21,,1.147,0.81,,0.962,0.81,,77.456,-,24.0,-,24,-,,-,
1,2022,2022151,18.0,835,Williams,78.531,78.194,,1.021,0.684,,1.021,0.684,,77.527,-,24.0,-,24,-,,-,
1,2022,2022151,19.0,836,Williams,78.427,77.993,,1.157,0.723,,1.157,0.723,,77.401,-,24.0,-,24,-,,-,
1,2022,2022151,20.0,837,Williams,78.552,79.308,,1.239,1.995,,1.239,1.995,,77.355,-,18.0,-,18,-,,-,
1,2022,2022151,21.0,838,Williams,78.411,,,1.287,,,1.287,,,77.14,-,-,-,,-,,-,
1,2022,2022151,22.0,839,Williams,78.758,,,1.588,,,1.266,,,77.266,-,-,-,,-,,-,
1,2022,2022151,23.0,840,Williams,78.462,77.427,,1.257,0.222,,1.257,0.222,,77.205,-,24.0,-,24,-,,-,
1,2022,2022151,24.0,841,Williams,78.331,77.315,,1.145,0.129,,1.145,0.129,,77.21,-,24.0,-,24,-,,-,
1,2022,2022151,25.0,842,Williams,78.166,77.454,,0.993,0.281,,0.993,0.281,,77.179,-,24.0,-,24,-,,-,
1,2022,2022151,26.0,843,Williams,,77.438,,,0.311,,,0.311,,77.185,-,-,-,,-,,-,
1,2022,2022151,27.0,844,Williams,,77.644,,,0.497,,,0.339,,77.201,-,-,-,,-,,-,
1,2022,2022151,28.0,845,Williams,77.706,77.533,,0.531,0.358,,0.531,0.358,,77.257,-,24.0,-,24,-,,-,
1,2022,2022151,29.0,846,Williams,77.572,77.456,,0.385,0.269,,0.385,0.269,,77.247,-,24.0,-,24,-,,-,
1,2022,2022151,30.0,847,Williams,77.308,77.368,,0.129,0.189,,0.129,0.189,,77.202,-,18.0,-,18,-,,-,
1,2022,2022151,31.0,848,Williams,78.982,78.04,,1.757,0.815,,0.318,0.393,,77.458,-,24.0,-,18,-,,-,
1,2022,2022151,32.0,849,Williams,77.778,77.868,,0.556,0.646,,0.556,0.646,,77.232,-,18.0,-,18,-,,-,
1,2022,2022151,33.0,850,Williams,77.571,77.693,,0.568,0.69,,0.568,0.69,,77.02,-,18.0,-,18,-,,-,
1,2022,2022151,34.0,851,Williams,77.607,77.451,,0.737,0.581,,0.737,0.581,,77.111,-,24.0,-,24,-,,-,
1,2022,2022151,35.0,852,Williams,79.778,77.178,,2.743,0.143,,1.629,0.143,,77.101,-,24.0,-,24,-,,-,
1,2022,2022151,36.0,853,Williams,79.721,77.272,,2.386,-0.063,,2.386,-0.063,,77.364,-,24.0,-,24,-,,-,
1,2022,2022151,37.0,854,Williams,81.018,77.225,,3.779,-0.014,,2.802,-0.014,,77.426,-,24.0,-,24,-,,-,
1,2022,2022151,38.0,855,Williams,80.362,77.157,,3.445,0.24,,3.445,0.24,,76.927,-,24.0,-,24,-,,-,
1,2022,2022151,39.0,856,Williams,77.748,77.235,,0.935,0.422,,0.935,0.422,,76.859,-,24.0,-,24,-,,-,
1,2022,2022151,40.0,857,Williams,80.01,77.187,,3.319,0.496,,1.062,0.496,,76.827,-,24.0,-,24,-,,-,
1,2022,2022151,41.0,858,Williams,77.759,77.061,,1.01,0.312,,1.01,0.312,,76.864,-,24.0,-,24,-,,-,
1,2022,2022151,42.0,859,Williams,77.621,,,1.141,,,1.141,,,76.502,-,-,-,,-,,-,
1,2022,2022151,43.0,860,Williams,79.479,,,2.999,,,2.011,,,76.658,-,-,-,,-,,-,
1,2022,2022151,44.0,861,Williams,79.361,76.592,,2.766,-0.003,,2.766,-0.003,,76.939,-,24.0,-,24,-,,-,
1,2022,2022151,45.0,862,Williams,77.829,76.318,,1.272,-0.239,,1.272,-0.239,,76.646,-,24.0,-,24,-,,-,
1,2022,2022151,46.0,863,Williams,,,,,,,,,,75.905,-,-,-,,-,,-,
1,2022,2022151,47.0,864,Williams,,,,,,,,,,75.281,-,-,-,,-,,-,
1,2022,2022151,48.0,865,Williams,,,,,,,,,,,-,-,-,,-,,-,
1,2022,2022151,49.0,866,Williams,78.198,,,1.701,,,1.701,,,76.497,-,-,-,,-,,-,
1,2022,2022151,50.0,867,Williams,77.317,76.109,,1.11,-0.098,,1.11,-0.098,,76.207,-,24.0,-,24,-,,-,
1,2022,2022151,51.0,868,Williams,77.072,77.3,,1.477,1.705,,1.477,1.705,,75.714,-,18.0,-,18,-,,-,
1,2022,2022151,52.0,869,Williams,77.316,77.661,,1.65,1.995,,1.65,1.995,,75.833,-,18.0,-,18,-,,-,
1,2022,2022151,53.0,870,Williams,77.23,75.768,,1.5,0.038,,1.5,0.038,,75.942,-,24.0,-,24,-,,-,
1,2022,2022151,54.0,871,Williams,,75.784,,,0.228,,,0.228,,75.585,-,-,-,,-,,-,
1,2022,2022151,55.0,872,Williams,,,,,,,,,,75.118,-,-,-,,-,,-,
1,2022,2022151,56.0,873,Williams,,,,,,,,,,,-,-,-,,-,,-,
1,2022,2022151,57.0,874,Williams,,,,,,,,,,,-,-,-,,-,,-,
1,2022,2022151,58.0,875,Williams,,,,,,,,,,,-,-,-,,-,,-,
1,2022,2022151,59.0,876,Williams,,,,,,,,,,,-,-,-,,-,,-,
1,2022,2022151,60.0,877,Williams,,,,,,,,,,,-,-,-,,-,,-,
1,2022,2022151,61.0,878,Williams,78.456,,,0.0,,,0.0,,,78.456,-,-,-,,-,,-,
1,2022,2022151,62.0,879,Williams,76.066,76.534,,0.578,1.046,,0.578,1.046,,75.488,-,18.0,-,18,-,,-,
1,2022,2022151,63.0,880,Williams,76.211,75.811,,1.075,0.675,,1.075,0.675,,75.136,-,24.0,-,24,-,,-,
1,2022,2022151,64.0,881,Williams,76.383,75.702,,1.157,0.476,,1.157,0.476,,75.329,-,24.0,-,24,-,,-,
1,2022,2022151,65.0,882,Williams,76.427,75.534,,1.128,0.235,,1.128,0.235,,75.315,-,24.0,-,24,-,,-,
1,2022,2022151,66.0,883,Williams,76.334,75.612,,0.988,0.266,,0.988,0.266,,75.409,-,24.0,-,24,-,,-,
1,2022,2022151,67.0,884,Williams,76.642,75.803,,1.165,0.326,,1.165,0.326,,75.586,-,24.0,-,24,-,,-,
1,2022,2022151,68.0,885,Williams,76.492,76.066,,0.902,0.476,,0.902,0.476,,75.623,-,24.0,-,24,-,,-,
1,2022,2022151,69.0,886,Williams,76.741,76.138,,1.134,0.531,,1.134,0.531,,75.64,-,24.0,-,24,-,,-,
1,2022,2022151,70.0,887,Williams,77.097,76.144,,1.409,0.456,,1.409,0.456,,75.911,-,24.0,-,24,-,,-,
1,2022,2022151,71.0,888,Williams,77.628,76.82,,1.774,0.966,,1.774,0.966,,75.984,-,24.0,-,24,-,,-,
1,2022,2022151,72.0,889,Williams,,77.233,,,1.37,,,1.37,,75.863,-,-,-,,-,,-,
1,2022,2022161,1.0,890,Williams,,,,,,,,,,,-,-,-,,-,,-,
1,2022,2022161,2.0,891,Williams,,,,,,,,,,,-,-,-,,-,,-,
1,2022,2022161,3.0,892,Williams,89.308,,87.566,1.321,,-0.421,1.321,,-0.421,87.987,-,26.0,-,26,-,,-,
1,2022,2022161,4.0,893,Williams,87.944,,87.459,0.54,,0.055,0.54,,0.055,87.456,-,26.0,-,26,-,,-,
1,2022,2022161,5.0,894,Williams,87.837,,87.428,0.551,,0.142,0.551,,0.142,87.353,-,26.0,-,26,-,,-,
1,2022,2022161,6.0,895,Williams,87.773,,87.466,0.506,,0.199,0.506,,0.199,87.309,-,26.0,-,26,-,,-,
1,2022,2022161,7.0,896,Williams,88.283,,87.341,1.05,,0.108,1.05,,0.108,87.253,-,26.0,-,26,-,,-,
1,2022,2022161,8.0,897,Williams,88.76,,87.328,1.411,,-0.021,1.411,,-0.021,87.419,-,26.0,-,26,-,,-,
1,2022,2022161,9.0,898,Williams,88.305,,88.071,0.917,,0.683,0.917,,-0.034,87.533,-,26.0,-,26,-,,-,
1,2022,2022161,10.0,899,Williams,87.967,,87.381,0.56,,-0.026,0.56,,-0.026,87.458,-,26.0,-,26,-,,-,
1,2022,2022161,11.0,900,Williams,88.664,,87.798,1.079,,0.213,1.079,,0.213,87.585,-,26.0,-,26,-,,-,
1,2022,2022161,12.0,901,Williams,,,,,,,,,,,-,-,-,,-,,-,
1,2022,2022161,13.0,902,Williams,87.316,,87.451,-0.44,,-0.305,-0.44,,-0.305,87.756,-,18.0,-,18,-,,-,
1,2022,2022161,14.0,903,Williams,87.504,,87.859,0.175,,0.53,0.175,,0.53,87.364,-,18.0,-,18,-,,-,
1,2022,2022161,15.0,904,Williams,,,88.096,,,0.798,,,0.798,87.374,-,-,-,,-,,-,
1,2022,2022161,16.0,905,Williams,,,87.554,,,0.295,,,0.295,87.286,-,-,-,,-,,-,
1,2022,2022161,17.0,906,Williams,86.798,,87.623,-0.397,,0.428,-0.397,,0.428,87.195,-,18.0,-,18,-,,-,
1,2022,2022161,18.0,907,Williams,86.831,,87.836,-0.299,,0.706,-0.299,,0.706,87.307,-,18.0,-,18,-,,-,
1,2022,2022161,19.0,908,Williams,87.449,,,0.586,,,0.161,,,86.899,-,-,-,,-,,-,
1,2022,2022161,20.0,909,Williams,87.218,,,0.136,,,0.136,,,87.2,-,-,-,,-,,-,
1,2022,2022161,21.0,910,Williams,87.208,,87.098,0.089,,-0.021,0.089,,-0.021,87.169,-,26.0,-,26,-,,-,
1,2022,2022161,22.0,911,Williams,87.196,,86.748,0.132,,-0.316,0.132,,-0.316,87.153,-,26.0,-,26,-,,-,
1,2022,2022161,23.0,912,Williams,87.346,,86.925,0.304,,-0.117,0.304,,-0.117,87.089,-,26.0,-,26,-,,-,
1,2022,2022161,24.0,913,Williams,87.394,,86.818,0.375,,-0.201,0.375,,-0.201,87.206,-,26.0,-,26,-,,-,
1,2022,2022161,25.0,914,Williams,87.22,,86.643,0.292,,-0.285,0.292,,-0.285,86.928,-,26.0,-,26,-,,-,
1,2022,2022161,26.0,915,Williams,87.04,,87.115,0.051,,0.126,0.051,,-0.29,87.024,-,18.0,-,26,-,,-,
1,2022,2022161,27.0,916,Williams,87.095,,86.756,0.287,,-0.052,0.287,,-0.052,86.939,-,26.0,-,26,-,,-,
1,2022,2022161,28.0,917,Williams,87.028,,86.968,0.209,,0.149,0.209,,0.149,86.827,-,26.0,-,26,-,,-,
1,2022,2022161,29.0,918,Williams,87.15,,86.923,0.315,,0.088,0.315,,0.088,86.9,-,26.0,-,26,-,,-,
1,2022,2022161,30.0,919,Williams,87.194,,86.993,0.365,,0.164,0.365,,0.164,86.829,-,26.0,-,26,-,,-,
1,2022,2022161,31.0,920,Williams,88.348,,87.478,1.509,,0.639,0.404,,0.358,86.999,-,26.0,-,26,-,,-,
1,2022,2022161,32.0,921,Williams,87.292,,87.401,0.516,,0.625,0.516,,0.625,86.812,-,18.0,-,18,-,,-,
1,2022,2022161,33.0,922,Williams,87.074,,87.145,0.368,,0.439,0.368,,0.439,86.811,-,18.0,-,18,-,,-,
1,2022,2022161,34.0,923,Williams,87.496,,87.101,0.786,,0.391,0.3,,0.391,86.742,-,26.0,-,18,-,,-,
1,2022,2022161,35.0,924,Williams,86.945,,87.879,0.459,,1.393,0.459,,1.393,86.486,-,18.0,-,18,-,,-,
1,2022,2022161,36.0,925,Williams,87.266,,88.091,0.7,,1.525,0.442,,1.525,86.764,-,18.0,-,18,-,,-,
1,2022,2022161,37.0,926,Williams,87.071,,87.149,0.726,,0.804,0.726,,0.804,86.504,-,18.0,-,18,-,,-,
1,2022,2022161,38.0,927,Williams,88.025,,87.324,1.88,,1.179,1.045,,1.179,86.191,-,26.0,-,18,-,,-,
1,2022,2022161,39.0,928,Williams,87.309,,87.198,1.233,,1.122,1.233,,1.122,86.101,-,26.0,-,26,-,,-,
1,2022,2022161,40.0,929,Williams,87.284,,86.824,1.2,,0.74,1.2,,0.74,86.14,-,26.0,-,26,-,,-,
1,2022,2022161,41.0,930,Williams,88.779,,86.624,2.728,,0.573,1.798,,0.573,86.142,-,26.0,-,26,-,,-,
1,2022,2022161,42.0,931,Williams,88.415,,87.153,2.217,,0.955,2.217,,0.955,86.232,-,26.0,-,26,-,,-,
1,2022,2022161,43.0,932,Williams,87.331,,87.266,1.255,,1.19,1.255,,1.19,86.19,-,26.0,-,26,-,,-,
1,2022,2022161,44.0,933,Williams,87.99,,87.348,1.842,,1.2,1.243,,1.2,86.262,-,26.0,-,26,-,,-,
1,2022,2022161,45.0,934,Williams,87.452,,86.949,1.301,,0.798,1.301,,0.798,86.264,-,26.0,-,26,-,,-,
1,2022,2022161,46.0,935,Williams,87.87,,87.2,1.857,,1.187,1.857,,1.187,86.045,-,26.0,-,26,-,,-,
1,2022,2022161,47.0,936,Williams,,,,,,,,,,85.038,-,-,-,,-,,-,
1,2022,2022161,48.0,937,Williams,,,,,,,,,,,-,-,-,,-,,-,
1,2022,2022161,49.0,938,Williams,,,,,,,,,,,-,-,-,,-,,-,
1,2022,2022161,50.0,939,Williams,,,,,,,,,,,-,-,-,,-,,-,
1,2022,2022161,51.0,940,Williams,,,,,,,,,,,-,-,-,,-,,-,
1,2022,2022161,52.0,941,Williams,,,,,,,,,,,-,-,-,,-,,-,
1,2022,2022161,53.0,942,Williams,,,,,,,,,,,-,-,-,,-,,-,
1,2022,2022171,1.0,943,Williams,,,,,,,,,,,-,-,-,,-,,-,
1,2022,2022171,2.0,944,Williams,,,,,,,,,,,-,-,-,,-,,-,
1,2022,2022171,3.0,945,Williams,127.657,127.765,,2.972,3.08,,2.972,3.08,,124.685,-,18.0,-,18,-,,-,
1,2022,2022171,4.0,946,Williams,126.887,126.625,,3.068,2.806,,3.068,2.806,,123.819,-,24.0,-,24,-,,-,
1,2022,2022171,5.0,947,Williams,125.585,125.513,,2.171,2.099,,2.171,2.099,,123.414,-,24.0,-,24,-,,-,
1,2022,2022171,6.0,948,Williams,126.2,125.889,,2.923,2.612,,2.923,1.956,,123.31,-,24.0,-,24,-,,-,
1,2022,2022171,7.0,949,Williams,,124.953,,,1.679,,,1.679,,123.274,-,-,-,,-,,-,
1,2022,2022171,8.0,950,Williams,,,,,,,,,,,-,-,-,,-,,-,
1,2022,2022171,9.0,951,Williams,,,,,,,,,,,-,-,-,,-,,-,
1,2022,2022171,10.0,952,Williams,,,,,,,,,,,-,-,-,,-,,-,
1,2022,2022171,11.0,953,Williams,,,,,,,,,,,-,-,-,,-,,-,
1,2022,2022171,12.0,954,Williams,,123.271,,,1.347,,,1.347,,121.924,-,-,-,,-,,-,
1,2022,2022171,13.0,955,Williams,,122.652,,,0.659,,,0.659,,122.036,-,-,-,,-,,-,
1,2022,2022171,14.0,956,Williams,,123.222,,,1.199,,,0.831,,122.126,-,-,-,,-,,-,
1,2022,2022171,15.0,957,Williams,,123.057,,,1.277,,,1.277,,121.78,-,-,-,,-,,-,
1,2022,2022171,16.0,958,Williams,,123.125,,,1.436,,,1.436,,121.689,-,-,-,,-,,-,
1,2022,2022171,17.0,959,Williams,,123.446,,,1.815,,,1.613,,121.642,-,-,-,,-,,-,
1,2022,2022171,18.0,960,Williams,,123.364,,,1.989,,,1.989,,121.375,-,-,-,,-,,-,
1,2022,2022171,19.0,961,Williams,,122.806,,,1.697,,,1.697,,121.131,-,-,-,,-,,-,
1,2022,2022171,20.0,962,Williams,,123.093,,,2.007,,,2.007,,121.086,-,-,-,,-,,-,
1,2022,2022171,21.0,963,Williams,,,,,,,,,,119.113,-,-,-,,-,,-,
1,2022,2022171,22.0,964,Williams,,,,,,,,,,,-,-,-,,-,,-,
1,2022,2022171,23.0,965,Williams,,123.038,,,1.661,,,1.661,,121.377,-,-,-,,-,,-,
1,2022,2022171,24.0,966,Williams,,122.121,,,1.812,,,1.812,,120.309,-,-,-,,-,,-,
1,2022,2022171,25.0,967,Williams,,,,,,,,,,119.93,-,-,-,,-,,-,
1,2022,2022181,1.0,968,Williams,,,,,,,,,,,-,-,-,,-,,-,
1,2022,2022181,2.0,969,Williams,,,,,,,,,,,-,-,-,,-,,-,
1,2022,2022181,3.0,970,Williams,,,,,,,,,,,-,-,-,,-,,-,
1,2022,2022181,4.0,971,Williams,,,,,,,,,,,-,-,-,,-,,-,
1,2022,2022181,5.0,972,Williams,,,,,,,,,,,-,-,-,,-,,-,
1,2022,2022181,6.0,973,Williams,,,,,,,,,,116.54,-,-,-,,-,,-,
1,2022,2022181,7.0,974,Williams,108.663,,,-3.748,,,-3.748,,,112.411,-,-,-,,-,,-,
1,2022,2022181,8.0,975,Williams,109.015,,,-1.63,,,-1.63,,,110.918,-,-,-,,-,,-,
1,2022,2022181,9.0,976,Williams,110.071,,,1.278,,,0.174,,,109.068,-,-,-,,-,,-,
1,2022,2022181,10.0,977,Williams,108.919,,,0.685,,,0.685,,,108.412,-,-,-,,-,,-,
1,2022,2022181,11.0,978,Williams,109.947,,,2.519,,,1.217,,,107.87,-,-,-,,-,,-,
1,2022,2022181,12.0,979,Williams,108.371,,,0.602,,,0.602,,,107.838,-,-,-,,-,,-,
1,2022,2022181,13.0,980,Williams,108.641,,,0.739,,,0.739,,,107.902,-,-,-,,-,,-,
1,2022,2022181,14.0,981,Williams,108.606,,,0.245,,,0.245,,,108.446,-,-,-,,-,,-,
1,2022,2022181,15.0,982,Williams,109.155,,,0.348,,,0.348,,,108.902,-,-,-,,-,,-,
1,2022,2022181,16.0,983,Williams,108.893,,,-0.237,,,-0.237,,,109.256,-,-,-,,-,,-,
1,2022,2022181,17.0,984,Williams,109.366,,,0.034,,,0.034,,,109.417,-,-,-,,-,,-,
1,2022,2022181,18.0,985,Williams,109.57,,,0.222,,,0.222,,,109.387,-,-,-,,-,,-,
1,2022,2022181,19.0,986,Williams,109.954,,,0.72,,,0.72,,,109.297,-,-,-,,-,,-,
1,2022,2022181,20.0,987,Williams,111.084,,,2.219,,,1.409,,,108.919,-,-,-,,-,,-,
1,2022,2022181,21.0,988,Williams,110.594,,,2.108,,,2.108,,,108.531,-,-,-,,-,,-,
1,2022,2022181,22.0,989,Williams,110.087,,,1.66,,,1.66,,,108.632,-,-,-,,-,,-,
1,2022,2022181,23.0,990,Williams,109.876,,,0.976,,,0.976,,,108.949,-,-,-,,-,,-,
1,2022,2022181,24.0,991,Williams,111.378,,,2.531,,,1.424,,,109.311,-,-,-,,-,,-,
1,2022,2022181,25.0,992,Williams,110.665,,,1.599,,,1.599,,,109.114,-,-,-,,-,,-,
1,2022,2022181,26.0,993,Williams,110.697,,,1.595,,,1.595,,,109.125,-,-,-,,-,,-,
1,2022,2022181,27.0,994,Williams,110.878,,,1.491,,,1.491,,,109.432,-,-,-,,-,,-,
1,2022,2022181,28.0,995,Williams,110.706,,,0.937,,,0.937,,,109.769,-,-,-,,-,,-,
1,2022,2022191,1.0,996,Williams,,,,,,,,,,,-,-,-,,-,,-,
1,2022,2022191,2.0,997,Williams,,,,,,,,,,,-,-,-,,-,,-,
1,2022,2022191,3.0,998,Williams,104.579,104.781,,0.678,0.88,,0.678,0.88,,103.901,-,18.0,-,18,-,,-,
1,2022,2022191,4.0,999,Williams,104.561,105.143,,0.57,1.152,,0.57,1.152,,104.016,-,18.0,-,18,-,,-,
1,2022,2022191,5.0,1000,Williams,,106.242,,,1.915,,,1.915,,104.739,-,-,-,,-,,-,
1,2022,2022191,6.0,1001,Williams,,104.688,,,0.588,,,0.588,,104.1,-,-,-,,-,,-,
1,2022,2022191,7.0,1002,Williams,103.731,104.585,,-0.108,0.746,,-0.108,0.746,,103.87,-,18.0,-,18,-,,-,
1,2022,2022191,8.0,1003,Williams,104.512,105.814,,0.256,1.558,,0.256,1.558,,104.501,-,18.0,-,18,-,,-,
1,2022,2022191,9.0,1004,Williams,104.625,,,0.348,,,0.348,,,104.277,-,-,-,,-,,-,
1,2022,2022191,10.0,1005,Williams,104.478,,,0.6,,,0.6,,,103.958,-,-,-,,-,,-,
1,2022,2022191,11.0,1006,Williams,104.714,103.014,,0.9,-0.8,,0.9,-0.8,,103.814,-,24.0,-,24,-,,-,
1,2022,2022191,12.0,1007,Williams,104.698,103.462,,0.729,-0.507,,0.729,-0.507,,104.017,-,24.0,-,24,-,,-,
1,2022,2022191,13.0,1008,Williams,105.308,103.969,,0.976,-0.363,,0.976,-0.363,,104.578,-,24.0,-,24,-,,-,
1,2022,2022191,14.0,1009,Williams,104.485,103.818,,0.438,-0.229,,0.438,-0.229,,104.047,-,24.0,-,24,-,,-,
1,2022,2022191,15.0,1010,Williams,104.565,104.384,,0.843,0.662,,0.843,0.662,,103.795,-,24.0,-,24,-,,-,
1,2022,2022191,16.0,1011,Williams,105.021,104.931,,1.352,1.262,,1.352,1.262,,103.79,-,24.0,-,24,-,,-,
1,2022,2022191,17.0,1012,Williams,105.323,104.197,,1.471,0.345,,1.471,0.345,,103.852,-,24.0,-,24,-,,-,
1,2022,2022191,18.0,1013,Williams,,,,,,,,,,,-,-,-,,-,,-,
1,2022,2022191,19.0,1014,Williams,,,,,,,,,,,-,-,-,,-,,-,
1,2022,2022191,20.0,1015,Williams,,,,,,,,,,,-,-,-,,-,,-,
1,2022,2022191,21.0,1016,Williams,,,,,,,,,,,-,-,-,,-,,-,
1,2022,2022191,22.0,1017,Williams,,,,,,,,,,,-,-,-,,-,,-,
1,2022,2022191,23.0,1018,Williams,,,,,,,,,,,-,-,-,,-,,-,
1,2022,2022191,24.0,1019,Williams,,,,,,,,,,,-,-,-,,-,,-,
1,2022,2022191,25.0,1020,Williams,,,,,,,,,,,-,-,-,,-,,-,
1,2022,2022191,26.0,1021,Williams,,,,,,,,,,,-,-,-,,-,,-,
1,2022,2022191,27.0,1022,Williams,104.637,104.626,,1.217,1.206,,1.217,1.206,,103.42,-,24.0,-,24,-,,-,
1,2022,2022191,28.0,1023,Williams,104.882,104.104,,1.764,0.986,,1.764,0.986,,103.261,-,24.0,-,24,-,,-,
1,2022,2022191,29.0,1024,Williams,104.592,103.838,,1.55,0.796,,1.55,0.796,,103.084,-,24.0,-,24,-,,-,
1,2022,2022191,30.0,1025,Williams,104.598,103.501,,1.587,0.49,,1.587,0.49,,103.178,-,24.0,-,24,-,,-,
1,2022,2022191,31.0,1026,Williams,104.841,103.857,,1.771,0.787,,1.771,0.787,,103.113,-,24.0,-,24,-,,-,
1,2022,2022191,32.0,1027,Williams,104.667,103.97,,1.649,0.952,,1.649,0.952,,103.077,-,24.0,-,24,-,,-,
1,2022,2022191,33.0,1028,Williams,105.036,104.433,,1.977,1.374,,1.977,1.374,,103.124,-,24.0,-,24,-,,-,
1,2022,2022191,34.0,1029,Williams,104.126,103.718,,1.385,0.977,,1.385,0.977,,102.741,-,24.0,-,24,-,,-,
1,2022,2022191,35.0,1030,Williams,103.927,103.482,,1.242,0.797,,1.242,0.797,,102.685,-,24.0,-,24,-,,-,
1,2022,2022191,36.0,1031,Williams,104.613,103.158,,1.872,0.417,,1.872,0.417,,102.758,-,24.0,-,24,-,,-,
1,2022,2022191,37.0,1032,Williams,104.74,103.179,,2.408,0.847,,2.408,0.847,,102.332,-,24.0,-,24,-,,-,
1,2022,2022191,38.0,1033,Williams,106.424,103.259,,4.194,1.029,,2.094,1.029,,102.4,-,24.0,-,24,-,,-,
1,2022,2022191,39.0,1034,Williams,103.909,102.917,,1.758,0.766,,1.758,0.766,,102.336,-,24.0,-,24,-,,-,
1,2022,2022191,40.0,1035,Williams,104.093,103.664,,1.958,1.529,,1.958,1.109,,102.346,-,24.0,-,24,-,,-,
1,2022,2022191,41.0,1036,Williams,103.896,103.572,,1.703,1.379,,1.703,1.379,,102.231,-,24.0,-,24,-,,-,
1,2022,2022191,42.0,1037,Williams,103.827,103.02,,1.83,1.023,,1.83,1.023,,102.053,-,24.0,-,24,-,,-,
1,2022,2022191,43.0,1038,Williams,103.692,103.514,,1.647,1.469,,1.647,1.469,,102.045,-,24.0,-,24,-,,-,
1,2022,2022191,44.0,1039,Williams,103.746,104.028,,1.591,1.873,,1.591,1.873,,102.243,-,18.0,-,18,-,,-,
1,2022,2022191,45.0,1040,Williams,103.908,103.223,,1.86,1.175,,1.86,1.175,,102.104,-,24.0,-,24,-,,-,
1,2022,2022191,46.0,1041,Williams,103.641,102.471,,1.638,0.468,,1.638,0.468,,102.083,-,24.0,-,24,-,,-,
1,2022,2022191,47.0,1042,Williams,104.242,103.045,,2.279,1.082,,1.623,1.082,,102.059,-,24.0,-,24,-,,-,
1,2022,2022191,48.0,1043,Williams,103.53,102.622,,1.541,0.633,,1.541,0.633,,101.989,-,24.0,-,24,-,,-,
1,2022,2022191,49.0,1044,Williams,104.165,102.599,,2.097,0.531,,2.097,0.531,,102.119,-,24.0,-,24,-,,-,
1,2022,2022191,50.0,1045,Williams,104.397,103.243,,2.289,1.135,,2.289,1.135,,102.267,-,24.0,-,24,-,,-,
1,2022,2022191,51.0,1046,Williams,106.611,104.311,,4.537,2.237,,2.316,1.343,,102.483,-,24.0,-,24,-,,-,
1,2022,2022191,52.0,1047,Williams,104.384,103.591,,2.155,1.362,,2.155,1.362,,102.287,-,24.0,-,24,-,,-,
1,2022,2022191,53.0,1048,Williams,104.016,104.85,,1.684,2.518,,1.684,1.596,,102.616,-,18.0,-,24,-,,-,
1,2022,2022191,54.0,1049,Williams,103.485,104.265,,1.08,1.86,,1.08,1.86,,102.594,-,18.0,-,18,-,,-,
1,2022,2022191,55.0,1050,Williams,104.03,103.636,,1.781,1.386,,1.473,1.386,,102.373,-,24.0,-,24,-,,-,
1,2022,2022191,56.0,1051,Williams,103.96,104.195,,1.531,1.766,,1.531,1.766,,102.429,-,18.0,-,18,-,,-,
1,2022,2022201,1.0,1052,Williams,,,,,,,,,,,-,-,-,,-,,-,
1,2022,2022201,2.0,1053,Williams,,,,,,,,,,,-,-,-,,-,,-,
1,2022,2022201,3.0,1054,Williams,86.576,86.695,,1.426,1.545,,1.426,1.545,,85.15,-,18.0,-,18,-,,-,
1,2022,2022201,4.0,1055,Williams,85.93,85.629,,1.121,0.82,,1.121,0.82,,84.83,-,24.0,-,24,-,,-,
1,2022,2022201,5.0,1056,Williams,86.477,85.875,,1.829,1.227,,1.343,1.227,,84.783,-,24.0,-,24,-,,-,
1,2022,2022201,6.0,1057,Williams,86.053,85.108,,1.554,0.609,,1.554,0.609,,84.514,-,24.0,-,24,-,,-,
1,2022,2022201,7.0,1058,Williams,85.484,85.05,,0.886,0.452,,0.886,0.452,,84.782,-,24.0,-,24,-,,-,
1,2022,2022201,8.0,1059,Williams,85.642,85.265,,0.941,0.564,,0.941,0.564,,84.744,-,24.0,-,24,-,,-,
1,2022,2022201,9.0,1060,Williams,86.479,84.996,,1.823,0.34,,0.83,0.34,,84.833,-,24.0,-,24,-,,-,
1,2022,2022201,10.0,1061,Williams,85.331,84.96,,0.806,0.435,,0.806,0.435,,84.541,-,24.0,-,24,-,,-,
1,2022,2022201,11.0,1062,Williams,85.413,85.159,,0.876,0.622,,0.876,0.622,,84.55,-,24.0,-,24,-,,-,
1,2022,2022201,12.0,1063,Williams,85.38,85.312,,0.838,0.77,,0.838,0.77,,84.639,-,24.0,-,24,-,,-,
1,2022,2022201,13.0,1064,Williams,85.389,86.206,,0.946,1.763,,0.946,0.863,,84.751,-,18.0,-,24,-,,-,
1,2022,2022201,14.0,1065,Williams,85.408,85.301,,0.983,0.876,,0.983,0.876,,84.433,-,24.0,-,24,-,,-,
1,2022,2022201,15.0,1066,Williams,85.223,85.141,,0.868,0.786,,0.868,0.786,,84.361,-,24.0,-,24,-,,-,
1,2022,2022201,16.0,1067,Williams,85.75,85.269,,1.324,0.843,,0.927,0.843,,84.474,-,24.0,-,24,-,,-,
1,2022,2022201,17.0,1068,Williams,85.483,85.978,,1.029,1.524,,1.029,0.455,,84.555,-,18.0,-,24,-,,-,
1,2022,2022201,18.0,1069,Williams,85.501,84.55,,1.029,0.078,,1.029,0.078,,84.495,-,24.0,-,24,-,,-,
1,2022,2022201,19.0,1070,Williams,85.667,84.92,,1.157,0.41,,1.157,0.41,,84.51,-,24.0,-,24,-,,-,
1,2022,2022201,20.0,1071,Williams,85.661,84.983,,1.168,0.49,,1.168,0.49,,84.538,-,24.0,-,24,-,,-,
1,2022,2022201,21.0,1072,Williams,87.125,85.024,,2.569,0.468,,1.487,0.468,,84.684,-,24.0,-,24,-,,-,
1,2022,2022201,22.0,1073,Williams,86.424,84.896,,1.784,0.256,,1.784,0.256,,84.658,-,24.0,-,24,-,,-,
1,2022,2022201,23.0,1074,Williams,,84.857,,,0.147,,,0.147,,84.741,-,-,-,,-,,-,
1,2022,2022201,24.0,1075,Williams,,84.898,,,0.276,,,0.276,,84.697,-,-,-,,-,,-,
1,2022,2022201,25.0,1076,Williams,85.057,85.111,,0.506,0.56,,0.506,0.56,,84.551,-,18.0,-,18,-,,-,
1,2022,2022201,26.0,1077,Williams,85.078,84.804,,0.597,0.323,,0.597,0.323,,84.661,-,24.0,-,24,-,,-,
1,2022,2022201,27.0,1078,Williams,84.982,84.654,,0.702,0.374,,0.702,0.374,,84.28,-,24.0,-,24,-,,-,
1,2022,2022201,28.0,1079,Williams,86.416,85.128,,2.205,0.917,,0.773,0.528,,84.313,-,24.0,-,24,-,,-,
1,2022,2022201,29.0,1080,Williams,84.986,84.824,,0.815,0.653,,0.815,0.653,,84.302,-,24.0,-,24,-,,-,
1,2022,2022201,30.0,1081,Williams,86.492,84.76,,2.38,0.648,,1.266,0.648,,84.186,-,24.0,-,24,-,,-,
1,2022,2022201,31.0,1082,Williams,85.77,84.979,,1.806,1.015,,1.806,1.015,,84.056,-,24.0,-,24,-,,-,
1,2022,2022201,32.0,1083,Williams,85.534,84.629,,1.65,0.745,,1.65,0.745,,83.987,-,24.0,-,24,-,,-,
1,2022,2022201,33.0,1084,Williams,84.878,84.815,,0.945,0.882,,0.945,0.882,,84.097,-,24.0,-,24,-,,-,
1,2022,2022201,34.0,1085,Williams,85.297,85.114,,1.3,1.117,,0.82,1.117,,84.053,-,24.0,-,18,-,,-,
1,2022,2022201,35.0,1086,Williams,84.755,84.79,,0.841,0.876,,0.841,0.876,,84.138,-,18.0,-,18,-,,-,
1,2022,2022201,36.0,1087,Williams,84.983,84.678,,1.129,0.823,,1.129,0.823,,83.888,-,24.0,-,24,-,,-,
1,2022,2022201,37.0,1088,Williams,85.461,84.765,,1.459,0.763,,1.086,0.763,,84.168,-,24.0,-,24,-,,-,
1,2022,2022201,38.0,1089,Williams,85.193,,,1.291,,,1.291,,,84.19,-,-,-,,-,,-,
1,2022,2022201,39.0,1090,Williams,86.091,,,2.133,,,1.337,,,84.034,-,-,-,,-,,-,
1,2022,2022201,40.0,1091,Williams,85.397,83.297,,1.33,-0.77,,1.33,-0.77,,84.093,-,24.0,-,24,-,,-,
1,2022,2022201,41.0,1092,Williams,87.221,82.995,,3.15,-1.076,,1.781,-1.076,,84.17,-,24.0,-,24,-,,-,
1,2022,2022201,42.0,1093,Williams,86.306,83.361,,2.698,-0.247,,2.698,-0.544,,83.671,-,24.0,-,24,-,,-,
1,2022,2022201,43.0,1094,Williams,85.186,83.134,,1.739,-0.313,,1.739,-0.313,,83.454,-,24.0,-,24,-,,-,
1,2022,2022201,44.0,1095,Williams,84.931,83.119,,1.631,-0.181,,1.631,-0.181,,83.526,-,24.0,-,24,-,,-,
1,2022,2022201,45.0,1096,Williams,85.163,85.318,,1.883,2.038,,1.883,-0.227,,83.419,-,18.0,-,24,-,,-,
1,2022,2022201,46.0,1097,Williams,85.07,82.987,,1.789,-0.294,,1.789,-0.294,,83.485,-,24.0,-,24,-,,-,
1,2022,2022201,47.0,1098,Williams,85.135,83.046,,1.959,-0.13,,1.959,-0.13,,83.192,-,24.0,-,24,-,,-,
1,2022,2022201,48.0,1099,Williams,85.057,82.914,,1.954,-0.189,,1.954,-0.189,,83.296,-,24.0,-,24,-,,-,
1,2022,2022201,49.0,1100,Williams,85.21,83.071,,1.99,-0.149,,1.99,-0.149,,83.349,-,24.0,-,24,-,,-,
1,2022,2022201,50.0,1101,Williams,85.068,84.411,,1.624,0.967,,1.624,-0.045,,83.797,-,24.0,-,24,-,,-,
1,2022,2022201,51.0,1102,Williams,85.562,83.726,,1.864,0.028,,1.864,0.028,,83.809,-,24.0,-,24,-,,-,
1,2022,2022201,52.0,1103,Williams,,83.141,,,-0.226,,,-0.226,,83.377,-,-,-,,-,,-,
1,2022,2022201,53.0,1104,Williams,,83.254,,,-0.197,,,-0.197,,83.769,-,-,-,,-,,-,
1,2022,2022201,54.0,1105,Williams,85.321,83.04,,1.596,-0.685,,1.596,-0.685,,83.832,-,24.0,-,24,-,,-,
1,2022,2022201,55.0,1106,Williams,84.096,83.186,,0.561,-0.349,,0.561,-0.349,,83.709,-,24.0,-,24,-,,-,
1,2022,2022201,56.0,1107,Williams,83.709,83.45,,0.129,-0.13,,0.129,-0.315,,83.699,-,24.0,-,24,-,,-,
1,2022,2022201,57.0,1108,Williams,84.027,83.345,,0.568,-0.114,,0.568,-0.114,,83.674,-,24.0,-,24,-,,-,
1,2022,2022201,58.0,1109,Williams,84.718,83.557,,1.065,-0.096,,0.543,-0.096,,83.874,-,24.0,-,24,-,,-,
1,2022,2022201,59.0,1110,Williams,84.366,83.519,,0.691,-0.156,,0.691,-0.156,,83.791,-,24.0,-,24,-,,-,
1,2022,2022201,60.0,1111,Williams,84.896,83.4,,1.194,-0.302,,1.194,-0.302,,83.82,-,24.0,-,24,-,,-,
1,2022,2022201,61.0,1112,Williams,85.044,83.697,,1.328,-0.019,,1.328,-0.2,,83.964,-,24.0,-,24,-,,-,
1,2022,2022201,62.0,1113,Williams,88.969,83.631,,5.068,-0.27,,5.068,-0.27,,83.901,-,24.0,-,24,-,,-,
1,2022,2022201,63.0,1114,Williams,,83.344,,,-0.213,,,-0.213,,83.588,-,-,-,,-,,-,
1,2022,2022201,64.0,1115,Williams,85.135,,,1.982,,,1.982,,,83.153,-,-,-,,-,,-,
1,2022,2022201,65.0,1116,Williams,83.894,84.868,,-0.072,0.902,,-0.072,0.902,,83.966,-,18.0,-,18,-,,-,
1,2022,2022201,66.0,1117,Williams,84.079,83.205,,0.52,-0.354,,0.52,-0.354,,83.585,-,24.0,-,24,-,,-,
1,2022,2022201,67.0,1118,Williams,84.438,83.891,,1.079,0.532,,1.079,0.532,,83.395,-,24.0,-,24,-,,-,
1,2022,2022201,68.0,1119,Williams,88.144,85.115,,4.663,1.634,,1.663,0.418,,83.715,-,24.0,-,24,-,,-,
1,2022,2022201,69.0,1120,Williams,85.849,83.907,,2.12,0.178,,2.12,0.178,,83.958,-,24.0,-,24,-,,-,
1,2022,2022201,70.0,1121,Williams,,83.997,,,-0.104,,,-0.104,,84.12,-,-,-,,-,,-,
1,2022,2022211,1.0,1122,Williams,,,,,,,,,,,-,-,-,,-,,-,
1,2022,2022211,2.0,1123,Williams,,,,,,,,,,,-,-,-,,-,,-,
1,2022,2022211,3.0,1124,Williams,,,,,,,,,,,-,-,-,,-,,-,
1,2022,2022211,4.0,1125,Williams,,,,,,,,,,,-,-,-,,-,,-,
1,2022,2022211,5.0,1126,Williams,,,,,,,,,,,-,-,-,,-,,-,
1,2022,2022211,6.0,1127,Williams,,,,,,,,,,,-,-,-,,-,,-,
1,2022,2022211,7.0,1128,Williams,,,,,,,,,,,-,-,-,,-,,-,
1,2022,2022211,8.0,1129,Williams,79.022,79.245,,1.478,1.701,,1.478,1.701,,77.544,-,18.0,-,18,-,,-,
1,2022,2022211,9.0,1130,Williams,77.967,78.002,,1.102,1.136,,1.102,1.136,,76.866,-,18.0,-,18,-,,-,
1,2022,2022211,10.0,1131,Williams,77.77,77.888,,0.92,1.038,,0.92,1.038,,76.868,-,18.0,-,18,-,,-,
1,2022,2022211,11.0,1132,Williams,78.117,78.013,,0.999,0.895,,0.999,0.895,,77.163,-,24.0,-,24,-,,-,
1,2022,2022211,12.0,1133,Williams,80.065,77.769,,2.75,0.454,,1.226,0.454,,77.4,-,24.0,-,24,-,,-,
1,2022,2022211,13.0,1134,Williams,78.965,78.497,,1.481,1.013,,1.481,0.448,,77.596,-,24.0,-,24,-,,-,
1,2022,2022211,14.0,1135,Williams,78.685,78.095,,1.195,0.605,,1.195,0.605,,77.522,-,24.0,-,24,-,,-,
1,2022,2022211,15.0,1136,Williams,78.546,78.136,,1.165,0.755,,1.165,0.755,,77.402,-,24.0,-,24,-,,-,
1,2022,2022211,16.0,1137,Williams,78.789,78.107,,1.449,0.767,,1.449,0.767,,77.428,-,24.0,-,24,-,,-,
1,2022,2022211,17.0,1138,Williams,78.639,78.241,,1.258,0.86,,1.258,0.86,,77.496,-,24.0,-,24,-,,-,
1,2022,2022211,18.0,1139,Williams,78.626,78.335,,1.218,0.927,,1.218,0.927,,77.408,-,24.0,-,24,-,,-,
1,2022,2022211,19.0,1140,Williams,79.081,78.534,,1.699,1.152,,1.699,1.026,,77.434,-,24.0,-,24,-,,-,
1,2022,2022211,20.0,1141,Williams,,78.481,,,1.145,,,1.145,,77.417,-,-,-,,-,,-,
1,2022,2022211,21.0,1142,Williams,,78.649,,,1.285,,,1.285,,77.468,-,-,-,,-,,-,
1,2022,2022211,22.0,1143,Williams,77.341,78.635,,-0.085,1.209,,-0.085,1.209,,77.426,-,18.0,-,18,-,,-,
1,2022,2022211,23.0,1144,Williams,77.352,78.75,,0.009,1.407,,0.009,1.407,,77.36,-,18.0,-,18,-,,-,
1,2022,2022211,24.0,1145,Williams,77.863,78.337,,0.592,1.066,,0.592,1.066,,77.341,-,18.0,-,18,-,,-,
1,2022,2022211,25.0,1146,Williams,77.92,,,0.822,,,0.822,,,77.132,-,-,-,,-,,-,
1,2022,2022211,26.0,1147,Williams,77.965,,,1.265,,,1.265,,,76.752,-,-,-,,-,,-,
1,2022,2022211,27.0,1148,Williams,78.145,76.626,,1.419,-0.1,,1.419,-0.1,,76.792,-,24.0,-,24,-,,-,
1,2022,2022211,28.0,1149,Williams,78.021,76.774,,1.169,-0.078,,1.169,-0.078,,76.876,-,24.0,-,24,-,,-,
1,2022,2022211,29.0,1150,Williams,78.625,77.127,,1.787,0.289,,1.403,0.289,,77.024,-,24.0,-,24,-,,-,
1,2022,2022211,30.0,1151,Williams,78.46,77.9,,1.608,1.048,,1.608,0.322,,76.927,-,24.0,-,24,-,,-,
1,2022,2022211,31.0,1152,Williams,78.154,77.221,,1.397,0.464,,1.397,0.464,,76.757,-,24.0,-,24,-,,-,
1,2022,2022211,32.0,1153,Williams,,77.297,,,0.509,,,0.509,,76.849,-,-,-,,-,,-,
1,2022,2022211,33.0,1154,Williams,,77.344,,,0.499,,,0.499,,76.908,-,-,-,,-,,-,
1,2022,2022211,34.0,1155,Williams,77.286,77.416,,0.387,0.517,,0.387,0.517,,76.945,-,18.0,-,18,-,,-,
1,2022,2022211,35.0,1156,Williams,77.445,77.436,,0.664,0.655,,0.487,0.655,,76.886,-,24.0,-,18,-,,-,
1,2022,2022211,36.0,1157,Williams,77.25,77.868,,0.485,1.103,,0.485,0.647,,76.857,-,18.0,-,18,-,,-,
1,2022,2022211,37.0,1158,Williams,77.442,77.388,,0.794,0.74,,0.694,0.74,,76.69,-,24.0,-,18,-,,-,
1,2022,2022211,38.0,1159,Williams,77.434,77.361,,0.877,0.804,,0.877,0.804,,76.605,-,24.0,-,24,-,,-,
1,2022,2022211,39.0,1160,Williams,77.219,77.734,,0.58,1.095,,0.58,1.095,,76.663,-,18.0,-,18,-,,-,
1,2022,2022211,40.0,1161,Williams,78.813,78.341,,2.208,1.736,,0.981,1.107,,76.728,-,24.0,-,18,-,,-,
1,2022,2022211,41.0,1162,Williams,77.954,77.69,,1.282,1.018,,1.282,1.018,,76.823,-,24.0,-,24,-,,-,
1,2022,2022211,42.0,1163,Williams,77.364,77.576,,0.742,0.954,,0.742,0.954,,76.646,-,18.0,-,18,-,,-,
1,2022,2022211,43.0,1164,Williams,77.688,77.549,,1.042,0.903,,0.816,0.903,,76.722,-,24.0,-,18,-,,-,
1,2022,2022211,44.0,1165,Williams,77.561,77.544,,0.821,0.804,,0.821,0.804,,76.841,-,24.0,-,24,-,,-,
1,2022,2022211,45.0,1166,Williams,77.816,77.639,,1.152,0.975,,0.997,0.975,,76.786,-,24.0,-,24,-,,-,
1,2022,2022211,46.0,1167,Williams,77.762,77.796,,1.235,1.269,,1.235,1.269,,76.639,-,18.0,-,18,-,,-,
1,2022,2022211,47.0,1168,Williams,77.491,,,0.822,,,0.822,,,76.694,-,-,-,,-,,-,
1,2022,2022211,48.0,1169,Williams,77.799,,,1.491,,,1.319,,,76.387,-,-,-,,-,,-,
1,2022,2022211,49.0,1170,Williams,77.762,75.613,,1.656,-0.493,,1.656,-0.493,,76.147,-,24.0,-,24,-,,-,
1,2022,2022211,50.0,1171,Williams,77.708,75.992,,1.848,0.132,,1.848,0.132,,75.942,-,24.0,-,24,-,,-,
1,2022,2022211,51.0,1172,Williams,78.033,76.503,,2.123,0.593,,2.123,0.593,,75.91,-,24.0,-,24,-,,-,
1,2022,2022211,52.0,1173,Williams,,,,,,,,,,75.563,-,-,-,,-,,-,
1,2022,2022211,53.0,1174,Williams,,,,,,,,,,,-,-,-,,-,,-,
1,2022,2022211,54.0,1175,Williams,,,,,,,,,,,-,-,-,,-,,-,
1,2022,2022211,55.0,1176,Williams,,,,,,,,,,,-,-,-,,-,,-,
1,2022,2022211,56.0,1177,Williams,,,,,,,,,,,-,-,-,,-,,-,
1,2022,2022211,57.0,1178,Williams,,,,,,,,,,,-,-,-,,-,,-,
1,2022,2022211,58.0,1179,Williams,,,,,,,,,,,-,-,-,,-,,-,
1,2022,2022211,59.0,1180,Williams,,,,,,,,,,,-,-,-,,-,,-,
1,2022,2022211,60.0,1181,Williams,,,,,,,,,,76.867,-,-,-,,-,,-,
1,2022,2022211,61.0,1182,Williams,75.821,78.227,,-0.077,2.329,,-0.077,2.329,,75.898,-,18.0,-,18,-,,-,
1,2022,2022211,62.0,1183,Williams,76.064,76.767,,0.849,1.552,,0.674,1.552,,75.225,-,18.0,-,18,-,,-,
1,2022,2022211,63.0,1184,Williams,75.957,77.21,,0.772,2.025,,0.772,1.337,,75.291,-,18.0,-,18,-,,-,
1,2022,2022211,64.0,1185,Williams,76.05,76.278,,0.903,1.131,,0.792,1.131,,75.164,-,18.0,-,18,-,,-,
1,2022,2022211,65.0,1186,Williams,75.922,76.333,,0.727,1.138,,0.727,1.138,,75.322,-,18.0,-,18,-,,-,
1,2022,2022211,66.0,1187,Williams,76.136,76.327,,0.896,1.087,,0.729,1.087,,75.375,-,18.0,-,18,-,,-,
1,2022,2022211,67.0,1188,Williams,76.015,76.13,,0.748,0.863,,0.748,0.863,,75.328,-,18.0,-,18,-,,-,
1,2022,2022211,68.0,1189,Williams,76.03,76.253,,0.649,0.872,,0.649,0.872,,75.467,-,18.0,-,18,-,,-,
1,2022,2022211,69.0,1190,Williams,76.098,76.287,,0.674,0.863,,0.674,0.863,,75.433,-,18.0,-,18,-,,-,
1,2022,2022211,70.0,1191,Williams,76.126,76.573,,0.63,1.077,,0.63,1.077,,75.507,-,18.0,-,18,-,,-,
1,2022,2022211,71.0,1192,Williams,76.751,76.719,,1.145,1.113,,1.145,1.113,,75.606,-,24.0,-,24,-,,-,
1,2022,2022221,1.0,1193,Williams,,,,,,,,,,,-,-,-,,-,,-,
1,2022,2022221,2.0,1194,Williams,,,,,,,,,,,-,-,-,,-,,-,
1,2022,2022221,3.0,1195,Williams,93.218,92.356,,1.535,0.673,,1.535,0.673,,91.683,-,24.0,-,24,-,,-,
1,2022,2022221,4.0,1196,Williams,92.741,93.137,,0.984,1.38,,0.984,0.747,,91.991,-,18.0,-,24,-,,-,
1,2022,2022221,5.0,1197,Williams,92.895,92.652,,1.017,0.774,,1.017,0.774,,91.952,-,24.0,-,24,-,,-,
1,2022,2022221,6.0,1198,Williams,93.093,92.302,,1.17,0.379,,1.17,0.379,,92.005,-,24.0,-,24,-,,-,
1,2022,2022221,7.0,1199,Williams,92.87,91.987,,1.057,0.174,,1.057,0.174,,91.813,-,24.0,-,24,-,,-,
1,2022,2022221,8.0,1200,Williams,93.151,92.303,,1.14,0.292,,1.14,0.292,,92.099,-,24.0,-,24,-,,-,
1,2022,2022221,9.0,1201,Williams,93.972,92.406,,1.893,0.327,,1.453,0.327,,92.114,-,24.0,-,24,-,,-,
1,2022,2022221,10.0,1202,Williams,93.913,92.55,,1.719,0.356,,1.719,0.356,,92.223,-,24.0,-,24,-,,-,
1,2022,2022221,11.0,1203,Williams,93.656,93.387,,1.3,1.031,,1.3,1.031,,92.381,-,24.0,-,24,-,,-,
1,2022,2022221,12.0,1204,Williams,93.518,,,1.139,,,1.139,,,92.379,-,-,-,,-,,-,
1,2022,2022221,13.0,1205,Williams,93.308,,,0.993,,,0.993,,,92.316,-,-,-,,-,,-,
1,2022,2022221,14.0,1206,Williams,93.928,90.982,,1.665,-1.281,,1.665,-1.281,,92.289,-,24.0,-,24,-,,-,
1,2022,2022221,15.0,1207,Williams,,91.43,,,-0.533,,,-0.533,,92.013,-,-,-,,-,,-,
1,2022,2022221,16.0,1208,Williams,,91.585,,,-0.191,,,-0.313,,91.919,-,-,-,,-,,-,
1,2022,2022221,17.0,1209,Williams,91.673,91.496,,0.067,-0.11,,0.067,-0.11,,91.606,-,24.0,-,24,-,,-,
1,2022,2022221,18.0,1210,Williams,92.08,91.836,,0.466,0.222,,0.191,-0.02,,91.688,-,24.0,-,24,-,,-,
1,2022,2022221,19.0,1211,Williams,91.937,91.691,,0.337,0.091,,0.337,0.091,,91.665,-,24.0,-,24,-,,-,
1,2022,2022221,20.0,1212,Williams,92.054,91.835,,0.391,0.172,,0.391,0.172,,91.795,-,24.0,-,24,-,,-,
1,2022,2022221,21.0,1213,Williams,92.058,91.929,,0.396,0.267,,0.396,0.267,,91.724,-,24.0,-,24,-,,-,
1,2022,2022221,22.0,1214,Williams,91.98,91.975,,0.478,0.473,,0.478,0.473,,91.547,-,24.0,-,24,-,,-,
1,2022,2022221,23.0,1215,Williams,91.976,91.717,,0.539,0.28,,0.539,0.28,,91.674,-,24.0,-,24,-,,-,
1,2022,2022221,24.0,1216,Williams,92.181,91.918,,0.694,0.431,,0.49,0.176,,91.637,-,24.0,-,24,-,,-,
1,2022,2022221,25.0,1217,Williams,91.979,91.61,,0.499,0.13,,0.499,0.13,,91.598,-,24.0,-,24,-,,-,
1,2022,2022221,26.0,1218,Williams,91.984,91.631,,0.625,0.272,,0.625,0.272,,91.359,-,24.0,-,24,-,,-,
1,2022,2022221,27.0,1219,Williams,92.334,91.624,,1.08,0.37,,0.878,0.37,,91.265,-,24.0,-,24,-,,-,
1,2022,2022221,28.0,1220,Williams,92.28,91.521,,1.17,0.411,,1.17,0.411,,91.161,-,24.0,-,24,-,,-,
1,2022,2022221,29.0,1221,Williams,92.184,91.487,,1.028,0.331,,1.028,0.331,,91.205,-,24.0,-,24,-,,-,
1,2022,2022221,30.0,1222,Williams,92.243,91.451,,1.111,0.319,,1.111,0.319,,91.171,-,24.0,-,24,-,,-,
1,2022,2022221,31.0,1223,Williams,92.026,91.587,,1.05,0.611,,1.05,0.498,,91.036,-,24.0,-,24,-,,-,
1,2022,2022221,32.0,1224,Williams,92.067,91.496,,1.058,0.487,,1.058,0.487,,91.025,-,24.0,-,24,-,,-,
1,2022,2022221,33.0,1225,Williams,92.096,91.55,,1.055,0.509,,1.055,0.509,,91.057,-,24.0,-,24,-,,-,
1,2022,2022221,34.0,1226,Williams,92.281,91.509,,1.236,0.464,,1.047,0.464,,91.056,-,24.0,-,24,-,,-,
1,2022,2022221,35.0,1227,Williams,92.088,,,1.25,,,1.25,,,90.918,-,-,-,,-,,-,
1,2022,2022221,36.0,1228,Williams,92.481,,,1.619,,,1.334,,,90.922,-,-,-,,-,,-,
1,2022,2022221,37.0,1229,Williams,92.304,90.09,,1.517,-0.697,,1.517,-0.697,,90.787,-,24.0,-,24,-,,-,
1,2022,2022221,38.0,1230,Williams,,89.974,,,-0.708,,,-0.708,,91.316,-,-,-,,-,,-,
1,2022,2022221,39.0,1231,Williams,,90.023,,,-0.69,,,-0.69,,90.82,-,-,-,,-,,-,
1,2022,2022221,40.0,1232,Williams,90.763,89.939,,0.138,-0.686,,0.138,-0.686,,90.648,-,24.0,-,24,-,,-,
1,2022,2022221,41.0,1233,Williams,90.422,90.139,,-0.022,-0.305,,-0.022,-0.305,,90.444,-,24.0,-,24,-,,-,
1,2022,2022221,42.0,1234,Williams,90.873,90.378,,0.512,0.017,,0.512,0.017,,90.525,-,24.0,-,24,-,,-,
1,2022,2022221,43.0,1235,Williams,90.539,90.241,,0.101,-0.197,,0.101,-0.197,,90.672,-,24.0,-,24,-,,-,
1,2022,2022221,44.0,1236,Williams,90.614,90.218,,0.382,-0.014,,0.382,-0.014,,90.323,-,24.0,-,24,-,,-,
1,2022,2022221,45.0,1237,Williams,90.309,90.76,,0.128,0.579,,0.128,0.579,,90.226,-,18.0,-,18,-,,-,
1,2022,2022221,46.0,1238,Williams,92.815,90.896,,2.572,0.653,,0.2,0.653,,90.466,-,24.0,-,18,-,,-,
1,2022,2022221,47.0,1239,Williams,90.577,90.976,,0.331,0.73,,0.331,0.73,,90.435,-,18.0,-,18,-,,-,
1,2022,2022221,48.0,1240,Williams,91.189,91.124,,0.898,0.833,,0.898,0.833,,90.457,-,24.0,-,24,-,,-,
1,2022,2022221,49.0,1241,Williams,93.751,91.795,,3.303,1.347,,0.945,1.347,,90.746,-,24.0,-,18,-,,-,
1,2022,2022221,50.0,1242,Williams,91.598,91.925,,1.107,1.434,,1.107,1.434,,90.577,-,18.0,-,18,-,,-,
1,2022,2022221,51.0,1243,Williams,92.25,92.564,,1.647,1.961,,1.647,1.961,,90.643,-,18.0,-,18,-,,-,
1,2022,2022221,52.0,1244,Williams,92.213,93.467,,1.501,2.755,,1.501,1.832,,90.901,-,18.0,-,18,-,,-,
1,2022,2022221,53.0,1245,Williams,92.773,92.523,,1.879,1.629,,1.879,1.629,,91.01,-,24.0,-,24,-,,-,
1,2022,2022221,54.0,1246,Williams,96.411,92.825,,5.046,1.46,,5.046,1.46,,91.365,-,24.0,-,24,-,,-,
1,2022,2022221,55.0,1247,Williams,,95.096,,,3.986,,,1.866,,91.254,-,-,-,,-,,-,
1,2022,2022221,56.0,1248,Williams,,93.126,,,1.858,,,1.858,,91.403,-,-,-,,-,,-,
1,2022,2022221,57.0,1249,Williams,,93.882,,,2.612,,,2.612,,91.337,-,-,-,,-,,-,
